200.008,2770,1316,0,6.91443e-310
400.163,5544,2423,0,6.91443e-310
600.215,8779,3382,14742.1,2734.77
800.266,12079,4374,14742.1,2734.77
1000.29,15164,5198,14742.1,2734.77
1200.29,17922,5920,14742.1,2734.77
1400.33,21238,6675,14742.1,2734.77
1600.38,24477,7383,14742.1,2734.77
1800.41,27837,8096,14742.1,2734.77
2000.43,31203,8705,14742.1,2734.77
2200.49,34701,9375,14742.1,2734.77
2400.52,38169,9963,14742.1,2734.77
2600.54,41635,10545,14742.1,2734.77
2800.55,45118,11113,14742.1,2734.77
3000.57,48635,11640,14742.1,2734.77
3200.61,51555,12088,14742.1,2734.77
3400.64,54854,12558,14742.1,2734.77
3600.67,58360,12988,14742.1,2734.77
3800.71,61895,13448,14742.1,2734.77
4000.73,65474,13887,14742.1,2734.77
4200.76,69114,14371,14742.1,2734.77
4400.82,72703,14771,14742.1,2734.77
4600.84,76282,15179,14742.1,2734.77
4800.87,79825,15569,14742.1,2734.77
5000.88,83409,15940,14742.1,2734.77
5200.95,87031,16286,14742.1,2734.77
5400.97,90561,16634,14742.1,2734.77
5601.03,94095,16946,14742.1,2734.77
5801.06,97678,17282,14742.1,2734.77
6001.09,101260,17616,14742.1,2734.77
6201.14,104770,17902,14742.1,2734.77
6401.17,108284,18209,14742.1,2734.77
6601.19,111829,18468,14742.1,2734.77
6801.2,115347,18725,14742.1,2734.77
7001.24,118877,19008,14742.1,2734.77
7201.3,122438,19262,14742.1,2734.77
7401.35,126042,19495,14742.1,2734.77
7601.38,129537,19697,14742.1,2734.77
7801.45,133096,19902,14742.1,2734.77
8001.56,136615,20126,14742.1,2734.77
8201.57,140124,20328,14742.1,2734.77
8401.59,143689,20528,14742.1,2734.77
8601.62,147246,20710,14742.1,2734.77
8801.74,150755,20932,14742.1,2734.77
9001.8,154220,21094,14742.1,2734.77
9201.83,157804,21294,14742.1,2734.77
9401.85,161354,21504,14742.1,2734.77
9601.88,164887,21690,14742.1,2734.77
9801.9,168444,21890,14742.1,2734.77
10002,172060,22017,14742.1,2734.77
10202.1,175579,22162,14742.1,2734.77
10402.1,179149,22320,14742.1,2734.77
10602.1,182747,22538,14742.1,2734.77
10802.2,186344,22685,14742.1,2734.77
11002.2,189928,22791,14742.1,2734.77
11202.3,193486,22958,14742.1,2734.77
11402.3,197072,23110,14742.1,2734.77
11602.3,200649,23251,14742.1,2734.77
11802.3,204241,23414,14742.1,2734.77
12002.4,207770,23538,14742.1,2734.77
12202.4,211291,23704,14742.1,2734.77
12402.4,214893,23879,14742.1,2734.77
12602.5,218449,24001,14742.1,2734.77
12802.6,222039,24140,14742.1,2734.77
13002.6,225614,24257,14742.1,2734.77
13202.6,229197,24401,14742.1,2734.77
13402.7,232739,24534,14742.1,2734.77
13602.7,236317,24644,14742.1,2734.77
13802.7,239885,24732,14742.1,2734.77
14002.8,243446,24870,14742.1,2734.77
14202.8,246981,24988,14742.1,2734.77
14402.8,250553,25082,14742.1,2734.77
14602.9,254131,25194,14742.1,2734.77
14803,257731,25357,14742.1,2734.77
15003,261308,25486,14742.1,2734.77
15203.1,264906,25594,14742.1,2734.77
15403.2,268511,25680,14742.1,2734.77
15603.2,272101,25740,14742.1,2734.77
15803.2,275737,25879,14742.1,2734.77
16003.3,279428,25954,14742.1,2734.77
16203.3,282985,25225,2469.43,265.936
16403.3,286564,25363,2469.43,265.936
16603.3,290158,25471,2469.43,265.936
16803.3,293703,25568,2469.43,265.936
17003.4,297322,25698,2469.43,265.936
17203.4,300977,25822,2469.43,265.936
17403.4,304551,25940,2469.43,265.936
17603.5,308148,26095,2469.43,265.936
17803.5,311733,26209,2469.43,265.936
18003.6,315292,26280,2469.43,265.936
18203.6,318892,26425,2469.43,265.936
18403.6,322457,26523,2469.43,265.936
18603.7,325988,26640,2469.43,265.936
18803.8,329478,26707,2469.43,265.936
19003.8,333060,26781,2469.43,265.936
19204.1,336651,26838,2469.43,265.936
19404.1,340306,26941,2469.43,265.936
19604.2,343916,26988,2469.43,265.936
19804.2,347522,27088,2469.43,265.936
20004.2,351149,26903,2299.23,265.936
20204.2,354753,27015,2299.23,265.936
20404.3,358357,27121,2299.23,265.936
20604.3,361933,27190,2299.23,265.936
20804.3,365500,27269,2299.23,265.936
21004.3,369100,27309,2299.23,265.936
21204.5,372599,27404,2299.23,265.936
21404.6,376213,27484,2299.23,265.936
21604.6,379801,27552,2299.23,265.936
21804.6,383379,27614,2299.23,265.936
22004.7,386918,27710,2299.23,265.936
22204.7,390498,27108,1732.86,277.034
22404.7,394058,27225,1732.86,277.034
22604.7,397672,27288,1732.86,277.034
22804.8,401294,27386,1732.86,277.034
23004.8,404871,27504,1732.86,277.034
23204.9,408500,27607,1732.86,277.034
23404.9,412049,27675,1732.86,277.034
23604.9,415662,27771,1732.86,277.034
23804.9,419260,27859,1732.86,277.034
24005,422872,27906,1732.86,277.034
24205,426459,28012,1732.86,277.034
24405,430087,28108,1732.86,277.034
24605,433597,28206,1732.86,277.034
24805.1,437155,28237,1732.86,277.034
25005.2,440754,28305,1732.86,277.034
25205.2,444292,28397,1732.86,277.034
25405.3,447827,28480,1732.86,277.034
25605.3,451400,28563,1732.86,277.034
25805.4,454961,28617,1732.86,277.034
26005.4,458520,28657,1732.86,277.034
26205.4,462049,28750,1732.86,277.034
26405.5,465613,28780,1732.86,277.034
26605.5,469176,28833,1732.86,277.034
26805.5,472724,28913,1732.86,277.034
27005.5,476263,28981,1732.86,277.034
27205.6,479811,29001,1732.86,277.034
27405.6,483307,29038,1732.86,277.034
27605.6,486876,29085,1732.86,277.034
27805.7,490419,29200,1732.86,277.034
28005.7,494005,29220,1732.86,277.034
28205.8,497616,29290,1732.86,277.034
28405.8,501183,29361,1732.86,277.034
28605.9,504737,29411,1732.86,277.034
28805.9,508292,29520,1732.86,277.034
29006,511845,29627,1732.86,277.034
29206,515478,29689,1732.86,277.034
29406,519040,29760,1732.86,277.034
29606.1,522644,29832,1732.86,277.034
29806.1,526278,29887,1732.86,277.034
30006.1,529853,29965,1732.86,277.034
30206.1,533408,30018,1732.86,277.034
30406.2,537044,30116,1732.86,277.034
30606.2,540653,30185,1732.86,277.034
30806.2,544256,30205,1732.86,277.034
31006.3,547804,30307,1732.86,277.034
31206.3,551362,30322,1732.86,277.034
31406.3,554969,30340,1732.86,277.034
31606.4,558588,30391,1732.86,277.034
31806.4,562169,30444,1732.86,277.034
32006.4,565737,30477,1732.86,277.034
32206.4,569409,30535,1732.86,277.034
32406.5,572997,30596,1732.86,277.034
32606.6,576602,30667,1732.86,277.034
32806.6,580251,30708,1732.86,277.034
33006.7,583605,30713,1732.86,277.034
33206.7,586960,30732,1732.86,277.034
33406.7,590373,30743,1732.86,277.034
33606.8,593828,30752,1732.86,277.034
33806.8,597300,30780,1732.86,277.034
34006.8,600796,30828,1732.86,277.034
34207,604291,30845,1732.86,277.034
34407.1,607786,30895,1732.86,277.034
34607.1,611210,30951,1732.86,277.034
34807.2,614693,30957,1732.86,277.034
35007.2,618138,31036,1732.86,277.034
35207.2,621616,31080,1732.86,277.034
35407.2,625183,31057,1732.86,277.034
35607.2,628541,31090,1732.86,277.034
35807.3,631889,31171,1732.86,277.034
36000,635192,31213,1732.86,277.034
