1.00048,1939,1291,207.581
2.00079,3789,193,166.609
3.00127,5745,960,142.373
4.00162,7649,76,96.6832
5.0021,9486,1913,96.6832
6.00232,11448,663,96.6832
7.00245,13292,523,96.6832
8.00325,15207,1103,96.6832
9.00372,17053,26,96.6832
10.0041,19028,802,96.6832
11.0043,20800,2573,96.6832
12.005,22507,4280,96.6832
13.0055,24145,5918,96.6832
14.0059,25726,7499,96.6832
15.0062,27282,9055,96.6832
16.0064,28958,719,96.6832
17.0068,30740,2501,96.6832
18.0069,32612,509,96.6832
19.0071,34392,2289,96.6832
20.0075,36220,967,96.6832
21.0077,38159,1440,96.6832
22.0081,39910,3191,96.6832
23.0086,41712,852,96.6832
24.0087,43494,2634,96.6832
25.0091,45335,463,96.6832
26.0097,47269,1495,96.6832
27.01,49204,415,96.6832
28.0105,51087,1114,96.6832
29.0108,53076,119,96.6832
30.0112,54985,1425,96.6832
31.0117,56866,796,96.6832
32.0122,58732,795,96.6832
33.0124,60621,1258,96.6832
34.0127,62516,712,96.6832
35.013,64456,449,96.6832
36.0136,66323,1814,96.6832
37.0139,68256,188,96.6832
38.0143,70190,760,96.6832
39.0145,72039,1116,96.6832
40.0146,73774,2850,96.6832
41.0147,75656,1060,96.6832
42.0149,77466,434,96.6832
43.0152,79315,338,96.6832
44.0159,81161,513,96.6832
45.0162,83028,624,96.6832
46.0163,84858,1721,96.6832
47.0165,86622,128,96.6832
48.0172,88439,1945,96.6832
49.0173,90387,558,96.6832
50.0177,92315,135,96.6832
51.0178,94204,1476,96.6832
52.0179,95962,3233,96.6832
53.0182,97889,151,96.6832
54.0188,99824,1047,96.6832
55.0189,101581,2804,96.6832
56.0195,103381,1035,96.6832
57.02,105330,577,96.6832
58.0202,107181,87,96.6832
59.0206,109005,1911,96.6832
60.0207,110927,1048,96.6832
61.0213,112704,2825,96.6832
62.0219,114498,462,96.6832
63.0224,116461,1160,96.6832
64.0227,118392,933,96.6832
65.023,120297,981,96.6832
66.0234,122162,713,96.6832
67.0237,124034,1349,96.6832
68.0242,125657,2972,96.6832
69.0244,127349,4664,96.6832
70.0246,129072,3,96.6832
71.025,131078,608,96.6832
72.0254,133109,321,96.6832
73.0258,134975,1651,96.6832
74.0262,136719,3395,96.6832
75.0269,138557,573,96.6832
76.0273,140483,1537,96.6832
77.028,142342,1106,96.6832
78.0281,144109,2873,96.6832
79.0284,146084,141,96.6832
80.0289,148081,446,96.6832
81.0292,150060,225,96.6832
82.0298,151940,492,96.6832
83.03,153902,975,96.6832
84.0303,155788,54,96.6832
85.0306,157801,694,96.6832
86.0315,159667,1286,96.6832
87.0319,161568,534,96.6832
88.0325,163368,2334,96.6832
89.0329,165200,326,96.6832
90.0334,167181,786,96.6832
91.0339,169088,833,96.6832
92.034,170921,1351,96.6832
93.0344,172658,3086,96.6832
94.0347,174584,209,96.6832
95.0353,176544,806,96.6832
96.0356,178358,525,96.6832
97.0361,180150,2316,96.6832
98.0363,182044,421,96.6832
99.0364,183851,2228,96.6832
100.037,185729,1152,96.6832
101.037,187490,2913,96.6832
102.038,189212,4635,96.6832
103.038,190957,630,96.6832
104.038,192793,1701,96.6832
105.039,194536,3444,96.6832
106.039,196457,687,96.6832
107.039,198392,705,96.6832
108.04,200329,79,96.6832
109.04,202270,274,96.6832
110.041,204101,2105,96.6832
111.041,205828,3831,96.6832
112.042,207711,113,96.6832
113.042,209677,1085,89.4232
114.043,211529,972,89.4232
115.043,213449,57,89.4232
116.043,215339,1510,89.4232
117.044,217101,3271,89.4232
118.044,218900,659,89.4232
119.044,220718,133,89.4232
120.045,222751,162,89.4232
121.045,224751,342,89.4232
122.046,226509,2100,89.4232
123.046,228352,25,89.4232
124.047,230276,299,89.4232
125.047,232125,1760,89.4232
126.047,234004,609,89.4232
127.047,235784,2389,89.4232
128.048,237675,1676,89.4232
129.048,239586,1071,89.4232
130.049,241362,2847,89.4232
131.049,243083,4568,89.4232
132.05,244967,872,89.4232
133.05,246991,113,89.4232
134.051,248915,422,89.4232
135.051,250894,717,89.4232
136.051,252715,2538,89.4232
137.051,254505,415,89.4232
138.052,256383,1618,89.4232
139.052,258217,485,89.4232
140.052,260102,896,89.4232
141.053,262067,192,89.4232
142.053,263989,670,89.4232
143.053,265930,86,89.4232
144.054,267749,1905,89.4232
145.054,269476,3632,89.4232
146.054,271241,50,89.4232
147.055,273222,117,89.4232
148.055,275059,1954,89.4232
149.055,276888,1063,89.4232
150.055,278841,1089,89.4232
151.056,280700,788,89.4232
152.056,282522,130,89.4232
153.057,284409,1003,89.4232
154.057,286259,10,89.4232
155.057,288113,1864,89.4232
156.058,289960,983,89.4232
157.058,291854,812,89.4232
158.058,293809,726,89.4232
159.058,295580,2497,89.4232
160.058,297297,4213,89.4232
161.058,298958,5874,89.4232
162.059,300593,7508,89.4232
163.059,302453,443,89.4232
164.06,304259,2248,89.4232
165.06,305981,3969,89.4232
166.06,307637,5625,89.4232
167.061,309412,1033,89.4232
168.061,311191,129,89.4232
169.061,313104,122,89.4232
170.062,315097,257,89.4232
171.063,316957,1634,89.4232
172.063,318766,2,89.4232
173.063,320600,1836,89.4232
174.064,322493,481,89.4232
175.064,324295,2283,89.4232
176.065,326234,22,89.4232
177.065,328151,1451,89.4232
178.065,329997,164,89.4232
179.066,331953,137,89.4232
180.066,333796,1549,89.4232
181.066,335757,533,89.4232
182.067,337621,703,89.4232
183.067,339416,2498,89.4232
184.068,341236,853,89.4232
185.068,343135,1595,89.4232
186.068,345006,429,89.4232
187.069,346880,20,89.4232
188.069,348796,651,89.4232
189.07,350750,865,89.4232
190.07,352541,2656,89.4232
191.07,354263,4376,89.4232
192.071,355945,6058,89.4232
193.071,357616,141,89.4232
194.072,359554,269,89.4232
195.072,361477,218,89.4232
196.072,363426,322,89.4232
197.073,365397,617,89.4232
198.073,367255,160,89.4232
199.073,369208,528,89.4232
200.073,371025,2345,89.4232
201.074,372828,24,89.4232
202.074,374817,277,89.4232
203.075,376640,1678,89.4232
204.075,378568,205,89.4232
205.076,380565,454,89.4232
206.076,382377,2266,89.4232
207.076,384131,4020,89.4232
208.076,385824,5712,89.4232
209.077,387518,435,89.4232
210.077,389343,2260,89.4232
211.078,391209,633,89.4232
212.078,393100,431,89.4232
213.078,395083,205,89.4232
214.078,397049,624,89.4232
215.078,398843,2418,89.4232
216.079,400569,4144,89.4232
217.08,402288,203,89.4232
218.08,404142,1759,89.4232
219.08,405885,3502,89.4232
220.08,407831,37,89.4232
221.081,409783,256,89.4232
222.081,411694,1281,89.4232
223.081,413604,304,89.4232
224.082,415419,2119,89.4232
225.082,417269,1678,89.4232
226.082,419120,685,89.4232
227.083,421012,1324,89.4232
228.083,422848,1733,89.4232
229.084,424677,121,89.4232
230.084,426556,1502,89.4232
231.084,428454,925,89.4232
232.085,430215,2685,89.4232
233.085,432032,1076,89.4232
234.086,433944,301,89.4232
235.086,435751,2108,89.4232
236.087,437612,1702,89.4232
237.087,439449,966,89.4232
238.087,441464,61,89.4232
239.088,443392,108,89.4232
240.088,445227,1943,89.4232
241.088,446963,3678,89.4232
242.088,448650,5365,89.4232
243.089,450359,254,89.4232
244.089,452181,2076,89.4232
245.089,454050,186,89.4232
246.089,455939,1735,89.4232
247.09,457912,225,89.4232
248.09,459840,1163,89.4232
249.09,461602,2924,89.4232
250.091,463482,205,89.4232
251.091,465364,1712,89.4232
252.091,467121,3469,89.4232
253.092,468841,5187,89.4232
254.092,470693,127,89.4232
255.093,472578,1742,89.4232
256.093,474369,90,89.4232
257.094,476199,1919,89.4232
258.094,477963,3683,89.4232
259.095,479809,1191,89.4232
260.095,481693,1449,89.4232
261.096,483447,3203,89.4232
262.096,485237,391,89.4232
263.096,487170,181,89.4232
264.097,489184,388,89.4232
265.097,491085,251,89.4232
266.098,492910,2075,89.4232
267.098,494647,3812,89.4232
268.099,496404,432,89.4232
269.099,498438,309,89.4232
270.1,500307,1823,89.4232
271.1,502188,99,89.4232
272.1,504146,127,89.4232
273.1,506105,219,89.4232
274.101,508047,591,89.4232
275.102,509813,2357,89.4232
276.102,511515,4056,89.4232
277.102,513251,533,89.4232
278.103,515112,1825,89.4232
279.103,516952,72,89.4232
280.103,518872,579,89.4232
281.104,520636,2343,89.4232
282.104,522347,4054,89.4232
283.105,524018,49,89.4232
284.105,525983,841,89.4232
285.105,527758,2616,89.4232
286.106,529460,4318,89.4232
287.106,531295,159,89.4232
288.106,533174,119,89.4232
289.106,535071,404,89.4232
290.107,536865,2198,89.4232
291.107,538584,3916,89.4232
292.108,540409,480,89.4232
293.108,542199,2270,89.4232
294.108,544032,231,89.4232
295.109,545893,1801,89.4232
296.109,547807,1082,89.4232
297.11,549733,38,89.4232
298.11,551557,1862,89.4232
299.11,553256,3559,89.4232
300,554936,800,89.4232
