1.00005,1917,1350,150.411
2.00061,3649,3082,150.411
3.00086,5584,121,150.411
4.00098,7492,314,126.67
5.00155,9462,321,126.67
6.00171,11385,746,126.67
7.00224,13189,189,126.67
8.00263,15179,264,122.122
9.00288,17086,1453,122.122
10.003,18812,3179,122.122
11.0033,20475,4842,122.122
12.0036,22082,6449,122.122
13.004,23964,148,122.122
14.0042,25841,1732,122.122
15.0046,27785,847,122.122
16.005,29530,2591,122.122
17.0054,31181,4242,122.122
18.0059,33088,177,109.78
19.006,34975,337,109.78
20.0061,36909,495,109.78
21.0067,38726,2,109.78
22.0072,40632,1603,109.78
23.0073,42496,521,104.626
24.0075,44453,352,104.626
25.0076,46217,2116,104.626
26.0082,48058,192,104.626
27.0087,50010,549,87.4077
28.0089,51855,267,87.4077
29.0091,53739,1750,87.4077
30.0096,55637,728,87.4077
31.0097,57542,392,87.4077
32.0104,59387,1833,87.4077
33.0105,61242,991,87.4077
34.0112,63034,2782,87.4077
35.0115,64730,4478,87.4077
36.0121,66387,6134,87.4077
37.0123,68021,7768,87.4077
38.0125,69811,89,87.4077
39.0128,71733,915,87.4077
40.0131,73514,2695,87.4077
41.0135,75355,360,87.4077
42.0139,77230,1521,87.4077
43.014,78985,3275,87.4077
44.0148,80688,4978,87.4077
45.015,82485,307,87.4077
46.0153,84279,2101,87.4077
47.016,86014,3835,87.4077
48.0165,88026,535,87.4077
49.0168,89812,2321,87.4077
50.0171,91753,423,87.4077
51.0176,93669,351,87.4077
52.0178,95629,133,87.4077
53.018,97648,621,87.4077
54.0181,99589,58,87.4077
55.0187,101439,1908,87.4077
56.0192,103173,3642,87.4077
57.0194,104853,5321,87.4077
58.0196,106632,938,87.4077
59.0198,108393,2699,87.4077
60.0203,110166,198,87.4077
61.0207,112109,1174,87.4077
62.0213,114036,873,87.4077
63.0219,115825,2662,87.4077
64.0221,117531,4368,87.4077
65.0226,119481,207,87.4077
66.0231,121433,1070,87.4077
67.0232,123402,327,87.4077
68.0236,125304,1597,87.4077
69.0241,127185,1338,87.4077
70.0243,129050,975,87.4077
71.0246,130824,2748,87.4077
72.0251,132533,4457,87.4077
73.0255,134310,734,87.4077
74.0259,136100,2524,87.4077
75.0264,137968,1749,87.4077
76.0268,139744,162,87.4077
77.0272,141629,1593,87.4077
78.0276,143605,554,87.4077
79.0282,145507,1134,87.4077
80.0287,147436,809,87.4077
81.0289,149303,716,87.4077
82.0294,151175,1272,87.4077
83.0297,153111,828,87.4077
84.0302,154898,2615,87.4077
85.0307,156638,4355,87.4077
86.031,158317,6034,87.4077
87.0312,160231,106,87.4077
88.0317,162072,1947,87.4077
89.0321,163807,3681,87.4077
90.0323,165481,5354,87.4077
91.0332,167103,6976,87.4077
92.0335,168972,341,87.4077
93.0338,170872,288,87.4077
94.0343,172883,583,87.4077
95.0345,174699,2399,87.4077
96.0348,176662,1021,87.4077
97.0353,178573,1341,87.4077
98.0357,180478,590,87.4077
99.0361,182449,680,87.4077
100.036,184227,2457,87.4077
101.037,185944,4174,87.4077
102.037,187809,764,87.4077
103.038,189786,558,87.4077
104.038,191765,507,87.4077
105.038,193707,139,87.4077
106.038,195538,1969,87.4077
107.038,197560,220,87.4077
108.038,199377,2037,87.4077
109.039,201241,563,87.4077
110.039,203027,2349,87.4077
111.04,204869,981,87.4077
112.04,206835,601,87.4077
113.041,208636,2401,87.4077
114.041,210565,174,87.4077
115.041,212484,309,87.4077
116.041,214299,2124,87.4077
117.042,216052,35,87.4077
118.042,217920,1902,87.4077
119.042,219731,111,87.4077
120.042,221669,546,87.4077
121.043,223507,511,87.4077
122.043,225462,14,87.4077
123.043,227435,744,87.4077
124.044,229353,463,87.4077
125.044,231166,2276,87.4077
126.044,233065,1378,87.4077
127.045,234822,3134,87.4077
128.045,236541,4853,87.4077
129.045,238448,267,87.4077
130.045,240424,257,87.4077
131.046,242242,2075,87.4077
132.046,243989,3822,87.4077
133.046,245671,5502,87.4077
134.047,247523,1422,87.4077
135.047,249308,3207,87.4077
136.048,251035,4934,87.4077
137.048,252697,6595,87.4077
138.049,254537,16,87.4077
139.049,256537,432,87.4077
140.05,258381,369,87.4077
141.05,260249,1340,87.4077
142.051,262214,966,87.4077
143.051,264106,1406,87.4077
144.052,266072,1001,87.4077
145.052,267846,2774,87.4077
146.052,269663,67,87.4077
147.053,271576,1410,87.4077
148.053,273329,3163,87.4077
149.054,275007,4841,87.4077
150.054,276635,6469,87.4077
151.054,278463,1593,87.4077
152.055,280320,1040,87.4077
153.055,282172,1590,87.4077
154.055,284024,246,87.4077
155.056,286025,861,87.4077
156.056,287755,107,87.4077
157.056,289647,474,87.4077
158.056,291641,483,87.4077
159.057,293480,277,87.4077
160.057,295273,2070,87.4077
161.058,296988,3785,87.4077
162.058,298901,426,87.4077
163.059,300732,2257,87.4077
164.059,302499,4024,87.4077
165.059,304334,301,87.4077
166.059,306163,2130,87.4077
167.06,307852,3818,87.4077
168.06,309550,202,87.4077
169.061,311445,1295,87.4077
170.061,313459,436,87.4077
171.061,315389,1404,87.4077
172.062,317248,1350,87.4077
173.062,319131,49,87.4077
174.063,321034,1250,87.4077
175.063,322989,7,87.4077
176.063,324850,1868,87.4077
177.064,326593,3611,87.4077
178.064,328560,252,87.4077
179.065,330502,847,87.4077
180.065,332359,1580,87.4077
181.066,334203,950,87.4077
182.066,336201,382,87.4077
183.067,338084,647,87.4077
184.067,339918,2481,87.4077
185.067,341666,4228,87.4077
186.068,343363,5925,87.4077
187.069,345045,202,87.4077
188.069,347006,149,87.4077
189.069,348881,1824,87.4077
190.07,350725,874,87.4077
191.07,352503,2652,87.4077
192.07,354246,4395,87.4077
193.071,356144,1283,87.4077
194.071,357891,3030,87.4077
195.072,359750,554,87.4077
196.072,361699,896,87.4077
197.073,363456,2653,87.4077
198.073,365148,4345,87.4077
199.074,366816,6013,87.4077
200.074,368424,7619,87.4077
201.075,369989,9184,87.4077
202.075,371598,147,87.4077
203.076,373430,1979,87.4077
204.076,375180,3729,87.4077
205.077,376868,5417,87.4077
206.077,378760,1256,87.4077
207.078,380681,956,87.4077
208.078,382560,1378,87.4077
209.078,384348,145,87.4077
210.079,386184,1981,87.4077
211.08,388088,329,87.4077
212.08,390010,1371,87.4077
213.08,391850,1026,87.4077
214.081,393650,2826,87.4077
215.082,395648,271,87.4077
216.082,397630,757,87.4077
217.082,399479,57,87.4077
218.082,401339,3,87.4077
219.083,403360,641,87.4077
220.083,405128,2409,87.4077
221.084,406928,608,87.4077
222.084,408825,449,87.4077
223.084,410605,2229,87.4077
224.085,412441,1370,87.4077
225.085,414216,15,87.4077
226.085,416133,1360,87.4077
227.085,418016,322,87.4077
228.086,420044,371,87.4077
229.086,421861,2188,87.4077
230.087,423602,3928,87.4077
231.087,425481,772,87.4077
232.087,427248,2539,87.4077
233.087,429202,940,87.4077
234.088,431024,173,87.4077
235.088,432868,2017,87.4077
236.089,434625,29,87.4077
237.089,436566,310,87.4077
238.089,438396,41,87.4077
239.09,440262,64,87.4077
240.09,442218,935,87.4077
241.091,444005,2722,87.4077
242.091,445846,71,87.4077
243.092,447795,928,87.4077
244.092,449584,2716,87.4077
245.093,451468,1332,87.4077
246.093,453336,1804,87.4077
247.093,455166,49,87.4077
248.093,457011,1894,87.4077
249.094,458899,188,87.4077
250.094,460829,1362,87.4077
251.094,462766,128,87.4077
252.095,464742,148,87.4077
253.095,466743,220,87.4077
254.095,468681,1209,87.4077
255.096,470445,2972,87.4077
256.096,472278,1807,87.4077
257.097,473983,3512,87.4077
258.097,475653,5181,87.4077
259.098,477279,6807,87.4077
260.098,479050,1058,87.4077
261.098,480807,2815,87.4077
262.098,482510,4518,87.4077
263.099,484162,6170,87.4077
264.1,485785,7793,87.4077
265.1,487624,1635,87.4077
266.1,489443,360,87.4077
267.101,491406,63,87.4077
268.101,493405,818,87.4077
269.101,495215,2628,87.4077
270.102,496947,4358,87.4077
271.102,498613,6024,87.4077
272.103,500523,224,87.4077
273.103,502534,294,87.4077
274.103,504471,1380,87.4077
275.103,506341,203,87.4077
276.104,508277,1102,87.4077
277.104,510124,742,87.4077
278.104,511983,1415,87.4077
279.105,513862,1229,87.4077
280.106,515810,645,87.4077
281.106,517787,615,87.4077
282.106,519679,470,87.4077
283.106,521588,46,87.4077
284.107,523540,927,87.4077
285.108,525406,1624,87.4077
286.108,527250,33,87.4077
287.108,529171,984,87.4077
288.108,531034,1607,87.4077
289.109,532799,3372,87.4077
290.109,534720,938,87.4077
291.11,536486,2704,87.4077
292.11,538353,227,87.4077
293.111,540293,329,87.4077
294.112,542110,167,87.4077
295.112,544010,1701,87.4077
296.113,545889,983,87.4077
297.113,547644,2738,87.4077
298.113,549536,984,87.4077
299.114,551452,1557,87.4077
300.001,553011,3116,87.4077
