1.00017,1764,1765,inf
2.00082,3391,3392,inf
3.00094,4975,4976,inf
4.00166,6484,6484,inf
5.00211,8254,972,173.09
6.00255,9951,60,173.09
7.00311,11847,165,121.762
8.00347,13650,1439,121.762
9.00395,15379,496,121.762
10.004,17267,314,121.762
11.0042,19099,1402,121.762
12.0047,20930,462,90.2129
13.0051,22833,829,90.2129
14.0055,24524,2520,90.2129
15.0056,26356,1370,90.2129
16.0059,28253,428,90.2129
17.0063,30039,502,90.2129
18.0064,31792,2255,90.2129
19.0066,33511,432,90.2129
20.0069,35296,776,90.2129
21.0071,37120,631,90.2129
22.0074,38935,270,90.2129
23.0079,40712,1723,90.2129
24.0081,42462,998,90.2129
25.0083,44331,819,90.2129
26.0089,46120,730,90.2129
27.0092,47929,1037,90.2129
28.0099,49620,2728,90.2129
29.0106,51201,4309,90.2129
30.0108,53009,935,90.2129
31.011,54756,130,90.2129
32.0115,56527,1584,90.2129
33.0118,58210,250,90.2129
34.0125,59945,1985,90.2129
35.0129,61629,222,90.2129
36.0132,63442,748,90.2129
37.0138,65226,86,90.2129
38.0142,67002,1472,90.2129
39.0148,68791,1308,90.2129
40.0149,70703,381,90.2129
41.015,72645,586,90.2129
42.0151,74373,2313,90.2129
43.0157,75989,3928,90.2129
44.016,77565,3,90.2129
45.0165,79406,1207,90.2129
46.0166,81067,2868,90.2129
47.0174,82670,4471,90.2129
48.0179,84506,1434,90.2129
49.0181,86155,3083,90.2129
50.0182,87797,112,90.2129
51.0185,89636,1317,90.2129
52.0186,91469,1175,90.2129
53.0189,93316,745,90.2129
54.019,95043,140,90.2129
55.0192,96809,273,90.2129
56.0194,98548,2012,90.2129
57.0198,100195,3658,90.2129
58.0201,101770,5233,90.2129
59.0205,103505,1407,90.2129
60.0208,105351,896,90.2129
61.0214,107032,2577,90.2129
62.0217,108660,4205,90.2129
63.0225,110226,5771,90.2129
64.0227,112009,504,90.2129
65.0228,113738,2233,90.2129
66.0232,115561,140,90.2129
67.0233,117380,567,90.2129
68.0237,119059,2246,90.2129
69.0242,120708,269,90.2129
70.0244,122547,212,90.2129
71.0252,124268,1933,90.2129
72.0255,125916,3581,90.2129
73.026,127517,5182,90.2129
74.0267,129070,6735,90.2129
75.0278,130575,8239,90.2129
76.0281,132445,160,90.2129
77.0287,134275,1445,90.2129
78.029,136057,142,90.2129
79.0294,137769,1854,90.2129
80.0298,139451,244,90.2129
81.03,141384,363,90.2129
82.0307,143188,144,90.2129
83.0312,144924,1880,90.2129
84.0317,146537,3492,90.2129
85.0323,148243,786,90.2129
86.0326,150135,403,90.2129
87.033,152018,326,90.2129
88.0334,153820,840,90.2129
89.0337,155659,1168,90.2129
90.0344,157500,375,90.2129
91.0345,159217,2091,90.2129
92.0352,160854,3728,90.2129
93.0354,162577,976,90.2129
94.0355,164233,2632,90.2129
95.0357,165875,4274,90.2129
96.0362,167446,5845,90.2129
97.0368,168972,7370,90.2129
98.0369,170574,399,90.2129
99.0375,172373,949,90.2129
100.038,174165,1429,90.2129
101.038,175851,3115,90.2129
102.039,177658,706,90.2129
103.039,179386,2434,90.2129
104.039,181098,50,90.2129
105.039,182876,1828,90.2129
106.04,184609,556,90.2129
107.04,186345,2291,90.2129
108.04,187988,3934,90.2129
109.04,189582,5528,90.2129
110.041,191407,234,90.2129
111.041,193260,372,90.2129
112.041,195039,1720,90.2129
113.042,196708,3389,90.2129
114.043,198289,4970,90.2129
115.044,199835,6516,90.2129
116.044,201350,8029,90.2129
117.045,202823,9502,90.2129
118.045,204524,1217,90.2129
119.046,206185,2878,90.2129
120.046,207783,4476,90.2129
121.047,209311,6004,90.2129
122.047,210913,509,90.2129
123.048,212715,1508,90.2129
124.048,214393,3185,90.2129
125.048,215979,4770,90.2129
126.049,217724,1427,90.2129
127.049,219551,1027,90.2129
128.05,221252,2728,90.2129
129.051,223097,888,90.2129
130.051,224957,131,90.2129
131.052,226700,1874,90.2129
132.052,228341,3515,90.2129
133.052,229914,5088,90.2129
134.052,231722,258,90.2129
135.052,233503,1760,90.2129
136.053,235117,3374,90.2129
137.053,236724,4981,90.2129
138.053,238273,6530,90.2129
139.054,240090,1367,90.2129
140.054,241911,850,90.2129
141.054,243754,959,90.2129
142.055,245436,2641,90.2129
143.055,247157,118,90.2129
144.056,249000,736,90.2129
145.056,250778,106,90.2129
146.057,252606,1036,90.2129
147.057,254457,1037,90.2129
148.057,256140,2720,90.2129
149.058,257933,1761,90.2129
150.059,259595,3422,90.2129
151.059,261204,5030,90.2129
152.059,262736,6562,90.2129
153.059,264430,902,90.2129
154.06,266126,2598,90.2129
155.061,267741,4213,90.2129
156.062,269599,486,90.2129
157.062,271447,115,90.2129
158.063,273279,1345,90.2129
159.064,274949,3015,90.2129
160.064,276559,4625,90.2129
161.065,278107,6173,90.2129
162.065,279715,52,90.2129
163.066,281615,511,90.2129
164.066,283479,118,90.2129
165.066,285210,1849,90.2129
166.066,286906,294,90.2129
167.067,288796,1010,90.2129
168.067,290465,2679,90.2129
169.068,292233,1732,90.2129
170.068,294009,1518,90.2129
171.068,295886,61,90.2129
172.069,297832,441,90.2129
173.069,299531,2140,90.2129
174.069,301428,322,90.2129
175.07,303261,326,90.2129
176.071,305011,145,90.2129
177.071,306950,327,90.2129
178.071,308696,189,90.2129
179.071,310559,670,90.2129
180.072,312237,2348,90.2129
181.072,314030,569,90.2129
182.073,315742,2280,90.2129
183.073,317376,3912,90.2129
184.073,319076,969,90.2129
185.074,320815,313,90.2129
186.074,322555,2053,90.2129
187.074,324197,3695,90.2129
188.075,325794,5292,90.2129
189.076,327351,6849,90.2129
190.076,329147,147,90.2129
191.077,330910,1910,90.2129
192.077,332629,608,90.2129
193.078,334404,458,90.2129
194.078,336262,803,90.2129
195.078,338091,1189,90.2129
196.079,339966,646,90.2129
197.079,341682,2362,90.2129
198.079,343436,1428,90.2129
199.08,345280,619,90.2129
200.08,347096,1093,90.2129
201.08,348784,2781,90.2129
202.081,350399,4395,90.2129
203.081,352211,655,90.2129
204.082,354134,229,90.2129
205.082,356066,257,90.2129
206.082,357802,1992,90.2129
207.083,359664,713,90.2129
208.083,361394,2442,90.2129
209.083,363195,139,90.2129
210.084,365092,994,90.2129
211.084,366795,2697,90.2129
212.084,368615,567,90.2129
213.085,370453,150,90.2129
214.085,372229,1926,90.2129
215.086,373885,3582,90.2129
216.086,375698,288,90.2129
217.086,377502,1702,90.2129
218.086,379211,3411,90.2129
219.086,381088,471,90.2129
220.087,382800,2183,90.2129
221.087,384461,3842,90.2129
222.087,386272,342,90.2129
223.088,388024,2094,90.2129
224.089,389677,3747,90.2129
225.09,391269,5339,90.2129
226.09,393061,1720,90.2129
227.09,394703,3362,90.2129
228.091,396292,4951,90.2129
229.091,397848,6507,90.2129
230.091,399363,8022,90.2129
231.091,400964,26,90.2129
232.091,402842,1013,90.2129
233.092,404565,532,90.2129
234.092,406477,452,90.2129
235.093,408189,2163,90.2129
236.093,409926,753,90.2129
237.094,411740,1402,90.2129
238.094,413498,386,90.2129
239.094,415407,869,90.2129
240.095,417134,370,90.2129
241.095,419016,458,90.2129
242.095,420814,144,90.2129
243.095,422579,1908,90.2129
244.096,424228,3557,90.2129
245.096,425963,1215,90.2129
246.097,427733,297,90.2129
247.097,429480,2044,90.2129
248.098,431255,1675,90.2129
249.098,432906,3326,90.2129
250.098,434518,4938,90.2129
251.099,436278,1526,90.2129
252.099,437999,366,90.2129
253.1,439730,2097,90.2129
254.101,441364,3731,90.2129
255.101,443129,1638,90.2129
256.101,444771,3280,90.2129
257.102,446535,1395,90.2129
258.102,448172,3032,90.2129
259.103,449768,4628,90.2129
260.104,451434,632,90.2129
261.104,453276,832,90.2129
262.105,455068,893,90.2129
263.105,456900,1153,90.2129
264.106,458572,2825,90.2129
265.106,460176,4429,90.2129
266.106,461977,69,90.2129
267.107,463764,113,90.2129
268.107,465603,994,90.2129
269.107,467296,2687,90.2129
270.108,469210,150,90.2129
271.108,470975,1915,90.2129
272.108,472760,1669,90.2129
273.108,474600,581,90.2129
274.109,476309,2290,90.2129
275.109,478123,566,90.2129
276.109,479985,161,90.2129
277.109,481924,154,90.2129
278.11,483759,672,90.2129
279.11,485675,288,90.2129
280.111,487620,648,87.8278
281.111,489417,53,87.8278
282.111,491368,213,87.8278
283.111,493283,635,87.8278
284.111,495163,226,87.8278
285.112,497015,296,87.8278
286.113,498813,1686,87.8278
287.113,500549,816,87.8278
288.113,502305,88,87.8278
289.114,504085,1867,87.8278
290.114,505750,3532,87.8278
291.114,507526,140,87.8278
292.114,509447,469,87.8278
293.115,511157,2179,87.8278
294.115,512996,893,87.8278
295.115,514805,147,87.8278
296.116,516681,907,87.8278
297.116,518479,1549,87.8278
298.116,520400,177,87.8278
299.117,522330,130,87.8278
300,524013,246,87.8278
