1.00025,1990,221,194.795
2.00088,3874,1733,180.356
3.00123,5630,95,180.356
4.00173,7457,1920,180.356
5.00223,9396,563,154.689
6.00235,11357,805,144.12
7.00282,13252,66,144.12
8.00324,15124,1496,144.12
9.00345,16873,3245,144.12
10.0037,18719,164,144.12
11.004,20640,1166,144.12
12.0042,22634,406,132.925
13.0045,24546,81,132.925
14.0049,26525,473,132.925
15.0053,28427,285,122.984
16.0059,30274,271,122.984
17.0061,32306,69,122.984
18.0069,34174,1937,122.984
19.0074,35925,3688,122.984
20.0076,37687,461,122.984
21.008,39653,1139,122.984
22.0081,41600,488,122.984
23.0084,43452,1412,122.984
24.0089,45181,3141,122.984
25.0093,46858,4817,122.984
26.01,48494,6453,122.984
27.0103,50098,8057,122.984
28.0107,52056,428,122.984
29.011,53852,2224,122.984
30.0117,55562,3934,122.984
31.0121,57223,5595,122.984
32.0128,58850,7222,122.984
33.0131,60632,182,122.984
34.0134,62619,671,122.984
35.0141,64578,253,122.984
36.0142,66441,1625,122.984
37.0148,68300,1821,122.984
38.015,70232,239,100.893
39.0155,72055,2061,100.893
40.016,73966,1166,100.893
41.0165,75915,1193,100.893
42.0168,77855,235,100.893
43.017,79768,149,100.893
44.0176,81600,1981,100.893
45.0178,83426,585,100.893
46.0179,85319,1031,100.893
47.0182,87225,93,100.893
48.0185,89064,1932,100.893
49.0192,90910,1153,100.893
50.0196,92657,2900,100.893
51.02,94548,308,100.893
52.0204,96455,556,100.893
53.021,98400,307,100.893
54.0211,100266,1782,100.893
55.0217,102089,663,100.893
56.0222,103922,103,100.893
57.0226,105893,635,100.893
58.0228,107699,2441,100.893
59.0229,109437,160,100.893
60.0234,111306,2029,100.893
61.0238,113041,3764,100.893
62.0241,114717,5440,100.893
63.0243,116340,7063,100.893
64.0244,118011,302,100.893
65.0246,119890,1283,100.893
66.0252,121808,255,100.893
67.0256,123734,1371,100.893
68.0262,125640,1048,100.893
69.0266,127411,2817,100.893
70.0272,129124,4530,100.893
71.0274,130940,1054,100.893
72.0276,132794,510,100.893
73.0281,134645,1174,100.893
74.0282,136591,856,100.893
75.029,138586,92,100.893
76.0291,140393,1899,100.893
77.0295,142236,1726,100.893
78.0297,143979,3469,100.893
79.0299,145665,5155,100.893
80.0305,147328,56,100.893
81.031,149182,1909,100.893
82.0312,150944,3671,100.893
83.0313,152756,240,100.893
84.0319,154607,2091,100.893
85.0323,156410,515,100.893
86.0328,158244,291,100.893
87.0333,160266,314,100.893
88.0339,162216,376,100.893
89.0346,164236,526,100.893
90.035,166105,1317,100.893
91.0356,167978,1522,100.893
92.0357,169714,3258,100.893
93.0361,171418,4962,100.893
94.0365,173068,6611,100.893
95.0369,174940,160,100.893
96.037,176868,527,100.893
97.0375,178790,689,100.893
98.0378,180693,1375,100.893
99.0381,182444,3126,100.893
100.039,184132,4814,100.893
101.039,185774,6456,100.893
102.039,187573,690,100.893
103.039,189438,1075,100.893
104.04,191389,182,100.893
105.04,193362,899,100.893
106.04,195237,1197,100.893
107.041,197150,604,100.893
108.041,199140,35,100.893
109.041,201070,605,100.893
110.042,203091,318,100.893
111.042,204964,1657,100.893
112.042,206896,850,100.893
113.042,208662,2616,100.893
114.042,210570,272,100.893
115.043,212527,1291,100.893
116.043,214369,1011,100.893
117.043,216390,439,100.893
118.043,218365,740,100.893
119.044,220142,2517,100.893
120.044,222032,1581,100.893
121.044,223875,1584,100.893
122.044,225712,793,100.893
123.044,227473,2554,100.893
124.045,229267,669,100.893
125.045,231040,2441,100.893
126.045,232814,304,100.893
127.045,234732,427,100.893
128.045,236730,354,100.893
129.046,238619,1648,100.893
130.046,240398,198,100.893
131.046,242220,2019,100.893
132.047,243948,3747,100.893
133.048,245619,5418,100.893
134.048,247336,398,100.893
135.048,249256,1130,100.893
136.049,251020,2894,100.893
137.049,252729,4603,100.893
138.05,254477,425,100.893
139.05,256524,510,100.893
140.051,258424,587,100.893
141.051,260309,1780,100.893
142.052,262068,3539,100.893
143.053,263890,871,100.893
144.053,265806,737,100.893
145.053,267727,371,100.893
146.053,269594,1842,100.893
147.054,271434,988,100.893
148.054,273357,781,100.893
149.055,275205,1223,100.893
150.055,277061,1681,100.893
151.056,278965,1407,100.893
152.056,280712,3154,100.893
153.056,282583,515,100.893
154.057,284379,2311,100.893
155.057,286322,786,100.893
156.058,288089,2552,100.893
157.058,289988,1335,100.893
158.059,291887,321,100.893
159.059,293898,325,100.893
160.059,295881,502,100.893
161.06,297674,2294,100.893
162.06,299409,4029,100.893
163.06,301080,5700,100.893
164.061,302723,7342,100.893
165.062,304526,573,100.893
166.062,306463,1245,100.893
167.062,308237,3018,100.893
168.063,310085,477,100.893
169.063,312020,1169,100.893
170.063,313781,2929,100.893
171.064,315561,287,100.893
172.065,317467,755,100.893
173.065,319358,283,100.893
174.065,321155,2080,100.893
175.066,322874,3799,100.893
176.066,324529,5452,100.893
177.067,326165,7087,100.893
178.068,328091,1431,100.893
179.068,329988,1060,100.893
180.068,331815,167,100.893
181.069,333710,80,100.893
182.069,335560,1930,100.893
183.07,337465,535,100.893
184.07,339318,1541,100.893
185.07,341073,3295,100.893
186.071,342934,1787,100.893
187.071,344695,3548,100.893
188.071,346385,5238,100.893
189.071,348040,6893,100.893
190.072,349940,663,100.893
191.072,351735,37,100.893
192.073,353672,1101,100.893
193.073,355458,2887,100.893
194.073,357307,1703,100.893
195.073,359053,3449,100.893
196.074,360738,5134,100.893
197.075,362676,266,100.893
198.075,364654,625,100.893
199.075,366554,993,100.893
200.075,368443,589,100.893
201.075,370397,1299,100.893
202.076,372280,340,100.893
203.076,374155,1338,100.893
204.076,376063,237,100.893
205.077,378084,372,100.893
206.077,380038,20,100.893
207.078,381906,1888,100.893
208.079,383646,3628,100.893
209.079,385554,36,100.893
210.08,387522,94,100.893
211.08,389374,1946,100.893
212.08,391218,217,100.893
213.081,393166,1114,100.893
214.081,394931,34,100.893
215.082,396793,1896,100.893
216.082,398604,310,100.893
217.082,400475,1855,100.893
218.082,402388,237,100.893
219.083,404316,779,100.893
220.083,406205,452,100.893
221.084,408161,778,100.893
222.084,410064,362,100.893
223.085,411848,2146,100.893
224.085,413656,671,100.893
225.085,415452,2467,100.893
226.086,417358,325,100.893
227.086,419318,408,100.893
228.087,421203,849,100.893
229.087,423202,95,100.893
230.088,425149,133,100.893
231.088,426985,1968,100.893
232.088,428947,862,100.893
233.089,430857,644,100.893
234.089,432868,510,100.893
235.089,434875,135,100.893
236.089,436695,1955,100.893
237.09,438505,623,100.893
238.091,440459,1344,100.893
239.091,442211,3096,100.893
240.091,443914,4799,100.893
241.092,445590,6475,100.893
242.092,447264,24,100.893
243.092,449197,693,100.893
244.092,451107,184,100.893
245.093,452908,1985,100.893
246.093,454746,1318,100.893
247.093,456608,226,100.893
248.093,458588,299,100.893
249.094,460416,2127,100.893
250.094,462154,3865,100.893
251.095,463847,5558,100.893
252.095,465797,375,100.893
253.095,467667,428,100.893
254.095,469467,2228,100.893
255.096,471203,3962,100.893
256.097,473061,1332,100.893
257.097,474921,1820,100.893
258.098,476858,274,100.893
259.098,478644,2059,100.893
260.099,480520,1534,100.893
261.099,482419,489,100.893
262.099,484378,647,100.893
263.1,486245,1805,100.893
264.1,488114,1246,100.893
265.101,489870,3001,100.893
266.101,491571,4702,100.893
267.101,493462,1170,100.893
268.101,495318,1823,100.893
269.102,497064,3569,100.893
270.103,498903,519,100.893
271.103,500670,2286,100.893
272.103,502378,3994,100.893
273.104,504208,1684,100.893
274.104,506143,396,100.893
275.104,508022,485,100.893
276.104,509824,2287,100.893
277.104,511839,242,100.893
278.105,513784,101,100.893
279.105,515728,888,100.893
280.106,517611,1356,100.893
281.106,519365,3110,100.893
282.106,521051,4794,100.893
283.107,522919,922,100.893
284.107,524675,2677,100.893
285.108,526514,84,100.893
286.108,528475,364,100.893
287.108,530395,672,100.893
288.109,532282,834,100.893
289.109,534152,1009,100.893
290.11,535903,2760,100.893
291.111,537611,4467,100.893
292.111,539587,699,100.893
293.112,541470,151,100.893
294.112,543413,560,100.893
295.112,545378,50,100.893
296.113,547339,366,100.893
297.113,549264,1286,100.893
298.114,551199,463,100.893
299.114,553103,381,100.893
300.001,554727,2005,100.893
