1.00006,1865,270,148.981
2.00029,3632,648,148.981
3.00082,5339,2355,148.981
4.00106,7117,1473,148.981
5.00168,8761,3117,148.981
6.00218,10361,4717,148.981
7.00267,11892,6247,148.981
8.00282,13389,7743,148.981
9.00319,14854,9207,148.981
10.0034,16614,864,140.366
11.0035,18374,36,114.989
12.0039,20270,835,114.989
13.0045,22194,504,114.989
14.0048,24058,749,114.989
15.0053,25819,566,114.989
16.0058,27630,1772,114.989
17.0065,29317,3459,114.989
18.0072,31201,1296,114.989
19.0075,32888,2983,114.989
20.0079,34655,1427,114.989
21.008,36532,1296,114.989
22.0086,38392,1699,114.989
23.0091,40116,3423,114.989
24.0097,42028,853,114.989
25.0098,43752,2577,114.989
26.0103,45442,4267,114.989
27.0105,47061,5886,114.989
28.0112,48685,7509,114.989
29.0117,50437,317,114.989
30.012,52309,571,114.989
31.0121,54196,1380,114.989
32.0124,56003,9,114.989
33.0125,58029,36,114.989
34.0126,59884,1890,114.989
35.0132,61815,41,114.989
36.0137,63791,493,114.989
37.0139,65659,852,114.989
38.0141,67418,2611,114.989
39.0143,69310,307,114.989
40.0147,71270,683,114.989
41.0149,73061,2474,114.989
42.0151,74783,4196,114.989
43.0155,76527,532,114.989
44.0156,78368,1738,114.989
45.0158,80127,3496,114.989
46.016,82074,537,114.989
47.0165,84041,362,114.989
48.0167,86020,74,114.989
49.0171,87842,1896,114.989
50.0177,89559,3613,114.989
51.0181,91405,1076,114.989
52.0183,93332,496,114.989
53.0189,95191,1794,114.989
54.0193,97014,1614,114.989
55.0195,98777,3377,114.989
56.02,100583,912,114.989
57.0206,102564,698,114.989
58.0212,104493,336,113.977
59.022,106344,1745,113.977
60.0223,108211,650,113.977
61.0226,110014,270,113.977
62.0228,112010,678,113.977
63.0233,113981,486,113.977
64.0235,115785,2289,113.977
65.0238,117516,4020,113.977
66.0244,119305,808,113.977
67.0247,121147,99,113.977
68.0253,122961,1913,113.977
69.0261,124806,1475,113.977
70.0265,126669,1610,113.977
71.0269,128411,3351,113.977
72.0274,130202,817,113.977
73.0279,132120,165,106.542
74.0282,134133,640,106.542
75.0286,135935,2441,106.542
76.0293,137657,4163,106.542
77.0299,139333,5838,106.542
78.0307,140938,7443,106.542
79.0313,142796,10,106.542
80.0319,144788,387,106.542
81.0324,146764,544,106.542
82.0329,148612,335,106.542
83.0331,150476,379,106.542
84.0334,152395,1000,106.542
85.0337,154250,721,104.335
86.0338,156167,1233,104.335
87.0341,158041,42,104.335
88.0346,159941,39,104.335
89.035,161888,473,104.335
90.0352,163754,1793,103.894
91.0356,165645,938,103.894
92.0363,167394,2687,103.894
93.037,169082,4374,103.894
94.0372,171026,122,103.894
95.0373,173017,381,103.894
96.0375,174906,1506,103.894
97.0378,176796,26,103.894
98.0383,178663,1893,103.894
99.0386,180628,945,103.894
100.039,182414,2731,103.894
101.039,184184,229,103.894
102.039,186072,1491,103.894
103.04,188036,201,103.894
104.04,189870,2035,103.894
105.04,191769,1514,103.894
106.041,193661,802,103.894
107.041,195473,201,103.894
108.042,197344,1688,103.894
109.042,199255,1262,103.894
110.043,201145,681,103.894
111.043,203090,403,103.894
112.044,204890,2203,103.894
113.044,206865,399,103.894
114.045,208756,386,103.894
115.045,210560,2190,103.894
116.046,212274,3904,103.894
117.046,214022,536,103.894
118.047,215923,532,103.894
119.047,217794,1500,103.894
120.048,219518,3224,103.894
121.048,221426,1240,103.894
122.049,223254,1017,103.894
123.049,225133,1534,103.894
124.049,226883,3284,103.894
125.049,228775,121,103.894
126.05,230707,846,103.894
127.05,232564,783,103.894
128.05,234346,2565,103.894
129.051,236278,326,103.894
130.051,238137,340,103.894
131.051,239936,2138,103.894
132.052,241646,3848,103.894
133.052,243469,1286,103.894
134.052,245218,3034,103.894
135.052,246937,4753,103.894
136.053,248869,605,103.894
137.053,250851,145,103.894
138.053,252650,1944,103.894
139.053,254604,763,97.7949
140.054,256526,647,97.7949
141.055,258463,202,97.7949
142.055,260262,2001,97.7949
143.055,262097,35,97.7949
144.056,264016,942,97.7949
145.056,265846,559,97.7949
146.056,267646,2358,97.7949
147.056,269494,1032,97.7949
148.057,271255,83,97.7949
149.057,273093,71,97.7949
150.057,274931,1909,97.7949
151.058,276832,693,97.7949
152.058,278630,2491,97.7949
153.058,280514,492,97.7949
154.059,282304,2282,97.7949
155.059,284076,413,97.7949
156.059,285853,2190,97.7949
157.06,287669,98,97.7949
158.06,289509,1938,97.7949
159.06,291441,578,97.7949
160.061,293297,1611,97.7949
161.061,295060,3374,97.7949
162.061,296939,819,97.7949
163.062,298731,2611,97.7949
164.063,300526,851,97.7949
165.063,302280,2605,97.7949
166.064,304186,275,97.7949
167.064,306058,1761,97.7949
168.064,307797,3499,97.7949
169.065,309533,170,97.7949
170.065,311468,553,97.7949
171.066,313264,72,97.7949
172.066,315098,1906,97.7949
173.066,316840,3648,97.7949
174.067,318561,236,97.7949
175.067,320469,1135,97.7949
176.068,322436,356,97.7949
177.068,324348,359,97.7949
178.068,326218,1862,97.7949
179.069,327936,3578,97.7949
180.069,329643,259,97.7949
181.07,331614,622,97.7949
182.07,333442,486,97.7949
183.071,335310,1237,97.7949
184.071,337265,28,97.7949
185.072,339218,1003,97.7949
186.072,341005,2789,97.7949
187.072,342845,1040,97.7949
188.073,344747,802,97.7949
189.073,346632,229,97.7949
190.073,348579,171,97.7949
191.074,350503,851,97.7949
192.074,352266,49,97.7949
193.075,354197,1533,97.7949
194.075,355932,3267,97.7949
195.075,357857,772,97.7949
196.076,359713,1160,97.7949
197.076,361674,276,97.7949
198.077,363474,2076,97.7949
199.077,365326,716,97.7949
200.078,367185,1509,97.7949
201.078,368932,3256,97.7949
202.078,370625,4949,97.7949
203.079,372265,6588,97.7949
204.079,373870,8193,97.7949
205.08,375700,1585,97.7949
206.08,377437,3322,97.7949
207.081,379120,5005,97.7949
208.081,381003,223,97.7949
209.081,382996,507,97.7949
210.082,384772,2283,97.7949
211.082,386699,980,97.7949
212.082,388646,476,97.7949
213.082,390600,586,97.7949
214.083,392381,2367,97.7949
215.083,394187,453,97.7949
216.083,396142,742,97.7949
217.084,398091,1054,97.7949
218.084,399961,513,97.7949
219.084,401947,79,97.7949
220.085,403866,1488,97.7949
221.085,405600,3222,97.7949
222.085,407307,4929,97.7949
223.086,409042,405,97.7949
224.086,410831,2193,97.7949
225.087,412639,866,97.7949
226.087,414547,872,97.7949
227.087,416330,2655,97.7949
228.088,418164,1036,97.7949
229.088,419907,2779,97.7949
230.088,421779,1207,97.7949
231.088,423650,1541,97.7949
232.089,425373,3264,97.7949
233.089,427051,4942,97.7949
234.09,428908,478,97.7949
235.09,430659,2229,97.7949
236.09,432356,3926,97.7949
237.091,434025,5595,97.7949
238.091,435896,1822,97.7949
239.091,437778,1270,97.7949
240.091,439720,991,97.7949
241.092,441505,2775,97.7949
242.092,443499,354,97.7949
243.093,445520,664,97.7949
244.093,447315,2459,97.7949
245.094,449202,19,97.7949
246.094,451205,372,97.7949
247.094,453087,193,97.7949
248.095,455049,406,97.7949
249.095,456911,1409,97.7949
250.096,458738,1057,97.7949
251.096,460485,62,97.7949
252.097,462414,980,97.7949
253.097,464191,162,97.7949
254.097,466153,269,97.7949
255.097,467979,2095,97.7949
256.098,469715,3831,97.7949
257.098,471383,5497,97.7949
258.099,473033,7147,97.7949
259.099,474844,772,97.7949
260.099,476612,2539,97.7949
261.099,478379,283,97.7949
262.1,480169,2073,97.7949
263.1,481885,3789,97.7949
264.101,483794,796,97.7949
265.101,485563,2565,97.7949
266.102,487436,851,97.7949
267.102,489285,1657,97.7949
268.102,491137,109,97.7949
269.103,493110,676,86.7319
270.103,495004,311,86.7319
271.103,496797,2103,86.7319
272.103,498509,3815,86.7319
273.104,500165,5471,86.7319
274.105,502073,406,86.7319
275.105,504025,550,86.7319
276.106,505862,358,86.7319
277.106,507752,1823,86.7319
278.106,509542,246,86.7319
279.106,511505,289,86.7319
280.107,513409,221,86.7319
281.107,515290,814,86.7319
282.107,517210,766,86.7319
283.108,518981,2537,86.7319
284.108,520738,404,86.7319
285.108,522679,297,86.7319
286.109,524472,2090,86.7319
287.109,526350,1397,86.7319
288.109,528262,859,86.7319
289.11,530046,2642,86.7319
290.11,531894,467,86.7319
291.111,533847,610,86.7319
292.111,535792,52,86.7319
293.111,537778,11,86.7319
294.112,539670,1520,86.7319
295.112,541398,3248,86.7319
296.112,543265,1845,86.7319
297.113,545020,3599,86.7319
298.113,546899,387,86.7319
299.113,548825,190,86.7319
300,550557,922,86.7319
