1.00019,1933,213,159.8
2.00038,3763,1133,138.456
3.00087,5478,748,138.456
4.00151,7277,645,130.117
5.00213,9069,1428,128.157
6.00236,10642,3001,128.157
7.00293,12238,188,128.157
8.00305,13900,1850,128.157
9.00313,15519,373,128.157
10.0034,17177,2031,128.157
11.0038,18909,157,128.157
12.0045,20630,1659,128.157
13.0051,22168,3196,128.157
14.0052,23657,4685,128.157
15.0054,25513,108,101.872
16.0059,27340,408,101.872
17.0066,29105,1354,101.872
18.0069,30965,274,101.872
19.007,32744,1300,101.872
20.0073,34412,2968,101.872
21.0075,36190,329,101.872
22.0081,38004,434,101.872
23.0084,39692,2122,101.872
24.0089,41362,432,101.872
25.0092,43161,287,101.872
26.0097,44936,1693,101.872
27.01,46820,467,101.872
28.0109,48560,390,101.872
29.0117,50355,413,101.872
30.0117,52181,65,101.872
31.0124,53870,1754,101.872
32.0132,55488,279,101.872
33.0139,57269,312,101.872
34.0143,59076,1119,101.872
35.0145,60695,2738,101.872
36.015,62480,725,101.872
37.0152,64146,2391,101.872
38.0159,66016,362,101.872
39.0159,67733,2079,101.872
40.0167,69523,1330,101.872
41.0171,71324,80,101.872
42.0175,73078,1834,101.872
43.0179,74683,3439,101.872
44.0181,76251,5007,101.872
45.0186,77781,6537,101.872
46.0189,79528,276,101.872
47.0192,81406,177,101.872
48.0194,83244,727,101.872
49.0196,84921,2404,101.872
50.0197,86638,14,101.872
51.0199,88464,95,101.872
52.0202,90195,1826,101.872
53.0209,91887,421,101.872
54.021,93723,808,101.872
55.0211,95381,2465,101.872
56.0216,96969,4052,101.872
57.0219,98540,5623,101.872
58.0222,100135,450,101.872
59.0227,101879,1726,101.872
60.0233,103479,3326,101.872
61.024,105256,196,101.872
62.0245,107046,1273,101.872
63.0247,108738,212,101.872
64.0253,110537,1321,101.872
65.026,112323,765,101.872
66.0263,113971,2412,101.872
67.0267,115552,3992,101.872
68.0273,117297,434,101.872
69.0279,119051,1622,101.872
70.0287,120650,3220,101.872
71.0291,122209,4778,101.872
72.0294,123823,411,101.872
73.0296,125605,525,101.872
74.0297,127432,1084,101.872
75.0301,129227,161,101.872
76.0308,130997,64,101.872
77.0309,132804,637,101.872
78.0313,134579,1342,101.872
79.0316,136215,2977,101.872
80.0318,137916,540,101.872
81.0326,139774,455,101.872
82.0327,141578,547,101.872
83.0332,143461,408,101.872
84.0334,145315,635,101.872
85.0337,147199,214,101.872
86.0341,149032,613,101.872
87.0347,150770,359,101.872
88.0348,152587,632,101.872
89.0357,154281,2326,101.872
90.0361,156017,1395,101.872
91.0365,157654,3032,101.872
92.0371,159239,59,101.872
93.0373,161030,1311,101.872
94.0379,162822,1645,101.872
95.0382,164456,3279,101.872
96.0384,166108,445,101.872
97.0386,167747,2084,101.872
98.0394,169334,3671,101.872
99.0397,170867,5204,101.872
100.04,172356,6692,101.872
101.04,173924,544,101.872
102.041,175598,2218,101.872
103.041,177217,3836,101.872
104.041,178770,5389,101.872
105.041,180579,1084,101.872
106.042,182327,1430,101.872
107.042,183958,3061,101.872
108.043,185526,4628,101.872
109.043,187203,849,101.872
110.043,189087,476,101.872
111.044,190790,2179,101.872
112.044,192375,3764,101.872
113.045,193919,5308,101.872
114.045,195416,6805,101.872
115.046,196895,8283,101.872
116.046,198497,738,101.872
117.046,200187,2428,101.872
118.046,201772,4013,101.872
119.047,203593,531,101.872
120.047,205477,588,101.872
121.047,207158,2269,101.872
122.047,208895,107,101.872
123.048,210627,1839,101.872
124.048,212251,3462,101.872
125.049,213913,495,101.872
126.05,215630,2212,101.872
127.05,217245,18,101.872
128.05,219001,1774,101.872
129.05,220628,3401,101.872
130.05,222199,4972,101.872
131.051,223887,986,101.872
132.051,225709,1141,101.872
133.051,227357,2788,101.872
134.052,228946,4375,101.872
135.052,230486,5915,101.872
136.052,232116,783,101.872
137.052,234022,147,101.872
138.053,235897,41,101.872
139.054,237745,1208,101.872
140.054,239500,183,101.872
141.055,241245,1928,101.872
142.055,243142,56,101.872
143.055,244872,1786,101.872
144.056,246761,278,101.872
145.056,248563,443,101.872
146.057,250377,1194,101.872
147.057,252129,1084,101.872
148.057,253771,2726,101.872
149.058,255556,323,101.872
150.058,257277,17,101.872
151.058,259164,240,101.872
152.059,261093,249,101.872
153.059,263018,316,101.872
154.059,264890,564,101.872
155.06,266554,2228,101.872
156.06,268279,994,101.872
157.061,270039,1560,101.872
158.061,271849,237,101.872
159.062,273704,1020,101.872
160.062,275566,727,101.872
161.062,277400,1276,101.872
162.063,279246,206,101.872
163.063,281040,1394,101.872
164.063,282815,643,101.872
165.063,284621,252,101.872
166.064,286364,1689,101.872
167.064,287992,3317,101.872
168.065,289568,4893,101.872
169.065,291372,1417,101.872
170.065,293001,3045,101.872
171.065,294853,103,101.872
172.066,296609,196,101.872
173.066,298440,388,101.872
174.066,300227,797,101.872
175.066,301898,214,101.872
176.067,303616,1931,101.872
177.067,305348,710,101.872
178.067,307096,235,101.872
179.067,308952,951,101.872
180.067,310614,2613,101.872
181.068,312248,178,101.872
182.068,313999,1929,101.872
183.069,315809,812,101.872
184.069,317484,2485,101.872
185.07,319226,922,101.872
186.07,321048,420,100.4
187.07,322984,255,100.4
188.07,324832,926,100.4
189.071,326506,2600,100.4
190.072,328255,1486,100.4
191.072,329897,3128,100.4
192.072,331615,347,100.4
193.073,333387,356,100.4
194.073,335078,2047,100.4
195.073,336960,245,100.4
196.074,338806,894,100.4
197.075,340518,308,100.4
198.075,342401,84,100.4
199.076,344197,370,100.4
200.076,346031,1365,100.4
201.077,347657,2991,100.4
202.077,349249,4582,100.4
203.077,350888,509,100.4
204.078,352723,1429,100.4
205.078,354460,166,100.4
206.078,356261,1132,100.4
207.079,358060,393,100.4
208.079,359882,419,100.4
209.079,361701,1402,100.4
210.08,363567,822,100.4
211.08,365222,2477,100.4
212.081,367035,1363,100.4
213.081,368901,379,100.4
214.082,370655,1728,100.4
215.082,372342,320,100.4
216.082,374233,89,100.4
217.083,376089,117,100.4
218.083,377973,541,100.4
219.083,379738,930,100.4
220.084,381571,813,100.4
221.085,383402,319,100.4
222.085,385201,1548,100.4
223.085,387026,687,100.4
224.086,388751,171,100.4
225.086,390529,1669,100.4
226.086,392383,100,100.4
227.087,394116,1833,100.4
228.087,395984,662,100.4
229.088,397753,554,100.4
230.088,399591,1078,100.4
231.088,401252,2738,100.4
232.089,402849,4335,100.4
233.089,404562,1269,100.4
234.09,406203,2910,100.4
235.09,407794,4501,100.4
236.09,409314,6021,100.4
237.091,410769,7476,100.4
238.091,412211,8918,100.4
239.091,413647,10353,100.4
240.092,415406,1213,100.4
241.092,417244,249,100.4
242.093,418961,1966,100.4
243.093,420591,3595,100.4
244.094,422137,5141,100.4
245.094,423672,6675,100.4
246.095,425181,8183,100.4
247.095,426674,9676,100.4
248.096,428123,11124,100.4
249.096,429647,347,100.4
250.096,431422,424,100.4
251.097,433198,1212,100.4
252.097,434977,1672,100.4
253.098,436603,3298,100.4
254.098,438191,4886,100.4
255.099,439726,6421,100.4
256.099,441247,7942,100.4
257.1,442718,9413,100.4
258.101,444175,10869,100.4
259.101,445589,12283,100.4
260.102,447033,135,100.4
261.102,448834,135,100.4
262.102,450639,542,100.4
263.103,452414,1031,100.4
264.103,454095,2711,100.4
265.103,455816,66,100.4
266.103,457636,1496,100.4
267.104,459395,1206,100.4
268.104,461127,33,100.4
269.105,462866,1772,100.4
270.106,464634,1404,100.4
271.106,466281,3051,100.4
272.107,468080,377,100.4
273.107,470000,695,100.4
274.107,471665,2360,100.4
275.108,473316,178,100.4
276.108,475216,597,100.4
277.108,476887,2268,100.4
278.108,478704,208,100.4
279.108,480428,1932,100.4
280.109,482071,3575,100.4
281.109,483792,990,100.4
282.11,485556,1137,100.4
283.11,487254,2835,100.4
284.111,488847,4428,100.4
285.111,490540,808,100.4
286.111,492323,185,100.4
287.112,494017,1879,100.4
288.112,495836,973,100.4
289.113,497594,262,100.4
290.113,499538,249,100.4
291.113,501477,419,100.4
292.114,503247,1734,100.4
293.115,504835,3320,100.4
294.115,506524,1041,100.4
295.116,508148,2665,100.4
296.116,509786,255,100.4
297.117,511443,1912,100.4
298.117,513075,180,100.4
299.118,514958,717,100.4
300,516457,2216,100.4
