1.00032,1942,1174,143.968
2.00057,3746,372,143.968
3.00075,5617,1493,143.968
4.00094,7371,3247,143.968
5.00122,9046,4922,143.968
6.00135,10893,729,143.968
7.00159,12763,75,143.968
8.00212,14609,1920,143.968
9.00301,16345,3656,143.968
10.0031,18126,762,143.968
11.0032,19973,20,118.193
12.0035,21832,1878,118.193
13.0045,23729,923,118.193
14.0048,25565,323,118.193
15.0053,27509,1320,118.193
16.0056,29269,3080,118.193
17.0059,31081,1024,118.193
18.0064,32855,2798,118.193
19.0068,34555,4497,118.193
20.007,36179,6120,118.193
21.0077,38110,1001,118.193
22.0081,39895,2786,118.193
23.0083,41638,104,118.193
24.0087,43513,1698,118.193
25.0093,45301,230,118.193
26.0096,47194,1397,118.193
27.0099,48970,3171,118.193
28.01,50883,78,118.193
29.0105,52817,1154,118.193
30.0111,54664,1600,118.193
31.0116,56490,683,112.181
32.0117,58249,2442,112.181
33.012,60123,720,112.181
34.0128,61896,2493,112.181
35.0133,63630,4227,112.181
36.0137,65596,60,112.181
37.0138,67583,600,112.181
38.0144,69589,424,112.181
39.0147,71610,204,112.181
40.0149,73501,408,112.181
41.0151,75301,2208,112.181
42.0152,77183,192,112.181
43.0155,79139,101,112.181
44.0158,80985,1947,112.181
45.0161,82846,1503,112.181
46.0165,84609,3266,112.181
47.0168,86445,38,112.181
48.0173,88376,1183,112.181
49.0183,90144,2951,112.181
50.0184,92014,1163,112.181
51.0189,93911,249,112.181
52.0191,95813,95,110.323
53.0196,97705,251,110.323
54.0201,99654,136,110.323
55.0202,101675,361,110.323
56.0209,103532,1692,110.323
57.0215,105459,958,110.323
58.0221,107219,2717,110.323
59.0225,108915,4413,110.323
60.023,110710,371,110.323
61.0234,112694,258,110.323
62.0237,114621,233,110.323
63.0239,116573,1098,106.302
64.0242,118441,1236,106.302
65.0245,120395,229,106.302
66.0248,122255,1752,106.302
67.0251,124094,155,106.302
68.0257,126028,1309,106.302
69.0261,128077,403,106.302
70.0263,129939,1833,106.302
71.0264,131809,295,106.302
72.0267,133730,788,106.302
73.0268,135582,841,106.302
74.0272,137545,358,106.302
75.0276,139429,181,106.302
76.028,141245,1997,106.302
77.0287,143065,1147,106.302
78.0291,144948,175,106.302
79.0293,146833,250,106.302
80.0296,148651,2068,106.302
81.0299,150539,1069,106.302
82.0302,152298,2828,106.302
83.0304,153992,4521,106.302
84.0309,155729,482,106.302
85.0314,157646,1514,106.302
86.0316,159496,922,106.302
87.0321,161281,2707,106.302
88.0325,163182,152,106.302
89.0331,165053,1776,106.302
90.0339,166802,3525,106.302
91.0342,168496,5219,106.302
92.0346,170293,988,106.302
93.0347,172116,639,106.302
94.0353,173902,2424,106.302
95.0356,175729,898,106.302
96.0358,177586,1462,106.302
97.0364,179336,3211,106.302
98.0365,181007,4881,106.302
99.0369,182940,515,106.302
100.037,184770,445,106.302
101.038,186686,394,106.302
102.038,188660,211,106.302
103.038,190583,1257,106.302
104.039,192405,575,106.302
105.039,194336,40,106.302
106.039,196349,289,106.302
107.04,198306,292,106.302
108.04,200234,200,106.302
109.041,202145,1406,106.302
110.041,203893,3154,106.302
111.042,205604,4865,106.302
112.042,207285,80,106.302
113.042,209306,224,106.302
114.043,211222,409,106.302
115.043,213171,385,106.302
116.043,215088,684,106.302
117.044,216973,175,106.302
118.044,218933,1006,106.302
119.044,220860,891,106.302
120.045,222766,225,106.302
121.045,224699,1043,106.302
122.046,226468,2812,106.302
123.046,228265,352,106.302
124.047,230284,130,106.302
125.047,232249,897,106.302
126.048,234030,2678,106.302
127.048,235813,228,106.302
128.048,237647,2062,106.302
129.049,239499,993,106.302
130.049,241367,1736,106.302
131.05,243107,3476,106.302
132.05,245020,465,106.302
133.05,246899,886,106.302
134.051,248684,2671,106.302
135.051,250536,250,106.302
136.051,252430,1772,106.302
137.052,254198,36,106.302
138.052,256070,1908,106.302
139.053,257801,3639,106.302
140.053,259726,284,106.302
141.053,261625,1477,106.302
142.054,263344,3194,106.302
143.054,265034,4884,106.302
144.055,266878,1691,106.302
145.055,268738,1570,106.302
146.056,270455,3287,106.302
147.056,272122,4954,106.302
148.056,273989,945,106.302
149.057,275911,1422,106.302
150.057,277680,3191,106.302
151.057,279466,604,106.302
152.058,281340,1553,106.302
153.058,283206,259,106.302
154.058,285080,1741,106.302
155.059,286824,3485,106.302
156.06,288638,368,106.302
157.06,290433,2162,106.302
158.061,292296,1630,106.302
159.061,294228,390,106.302
160.062,296156,743,106.302
161.062,298026,811,106.302
162.063,299814,2599,106.302
163.063,301527,4312,106.302
164.063,303381,551,106.302
165.064,305312,952,106.302
166.064,307017,2657,106.302
167.064,308789,1095,106.302
168.065,310536,2841,106.302
169.065,312213,4517,106.302
170.066,313921,250,106.302
171.066,315619,1948,106.302
172.066,317475,1634,106.302
173.067,319366,440,106.302
174.067,321216,1630,106.302
175.068,323090,937,106.302
176.068,324857,2704,106.302
177.069,326726,518,106.302
178.069,328584,463,106.302
179.069,330445,1764,106.302
180.07,332312,162,106.302
181.07,334178,1665,106.302
182.071,336092,186,106.302
183.071,337967,1746,106.302
184.071,339848,202,106.302
185.072,341767,1370,106.302
186.072,343567,586,106.302
187.073,345468,91,106.302
188.073,347349,1439,106.302
189.073,349154,26,106.302
190.074,351099,924,106.302
191.074,352950,1454,106.302
192.074,354687,3191,106.302
193.075,356526,486,106.302
194.076,358379,1102,106.302
195.076,360157,2880,106.302
196.076,361859,4582,106.302
197.077,363616,470,106.302
198.077,365455,200,106.302
199.078,367349,1595,106.302
200.078,369132,100,106.302
201.078,371121,461,106.302
202.078,373075,43,101.319
203.079,374984,182,101.319
204.079,376981,421,101.319
205.08,378922,781,101.319
206.08,380855,138,101.319
207.081,382691,1972,101.319
208.081,384545,1723,101.319
209.081,386393,612,101.319
210.081,388165,3,101.319
211.081,390221,289,101.319
212.082,392137,446,101.319
213.082,394123,973,101.319
214.082,395987,1718,101.319
215.083,397830,171,101.319
216.083,399651,1992,101.319
217.083,401496,50,101.319
218.084,403354,1908,101.319
219.084,405117,70,101.319
220.085,407080,1044,101.319
221.085,408939,1513,101.319
222.085,410940,353,101.319
223.086,412769,2181,101.319
224.086,414512,3923,101.319
225.087,416210,5621,101.319
226.087,417865,7276,101.319
227.088,419457,8866,101.319
228.088,421027,10436,101.319
229.088,422746,341,101.319
230.089,424642,85,101.319
231.089,426554,1362,101.319
232.089,428328,3136,101.319
233.089,430036,4844,101.319
234.09,431715,67,101.319
235.09,433555,1907,101.319
236.091,435277,3629,101.319
237.091,437209,1170,101.319
238.092,439067,1144,101.319
239.092,440938,579,101.319
240.092,442755,2396,101.319
241.093,444492,4133,101.319
242.093,446167,5807,101.319
243.093,447819,46,101.319
244.093,449825,901,101.319
245.094,451584,2659,101.319
246.095,453287,4360,101.319
247.095,455072,718,101.319
248.095,456847,2493,101.319
249.095,458594,49,101.319
250.096,460536,1206,101.319
251.096,462304,2974,101.319
252.097,464238,1246,101.319
253.097,466195,464,101.319
254.097,468118,55,101.319
255.098,470128,845,101.319
256.098,471923,2640,101.319
257.098,473746,362,101.319
258.099,475624,308,101.319
259.099,477502,1506,101.319
260.099,479424,470,101.319
261.099,481247,174,101.319
262.1,483127,1754,101.319
263.1,484914,318,101.319
264.101,486738,2141,101.319
265.101,488641,170,101.319
266.101,490543,682,101.319
267.102,492435,279,101.319
268.102,494384,512,101.319
269.102,496191,2319,101.319
270.103,497932,4060,101.319
271.103,499825,819,101.319
272.104,501621,2615,101.319
273.104,503580,1147,101.319
274.104,505444,259,101.319
275.104,507264,2079,101.319
276.105,508991,3806,101.319
277.105,510686,125,101.319
278.105,512616,154,101.319
279.105,514461,1998,101.319
280.106,516359,963,101.319
281.106,518217,1806,101.319
282.106,520081,163,101.319
283.107,522062,1093,101.319
284.108,523834,2865,101.319
285.108,525703,88,101.319
286.108,527754,262,101.319
287.108,529735,214,101.319
288.109,531572,20,101.319
289.109,533419,1867,101.319
290.109,535321,1045,101.319
291.11,537270,374,101.319
292.11,539235,560,101.319
293.11,541008,2333,101.319
294.111,542885,1343,101.319
295.111,544801,557,101.319
296.112,546691,1088,101.319
297.112,548612,899,101.319
298.112,550434,279,101.319
299.113,552300,1163,101.319
300,553872,2735,101.319
