1.0002,1817,1246,137.261
2.00088,3475,2904,137.261
3.00109,5286,111,118.855
4.00139,7178,346,118.855
5.00155,9072,174,118.855
6.0022,10951,227,99.8508
7.00234,12735,1318,99.8508
8.00263,14507,554,99.8508
9.00307,16230,454,99.8508
10.0036,17891,2115,99.8508
11.0039,19476,3699,99.8508
12.0043,21138,731,99.8508
13.0045,22785,2378,99.8508
14.0049,24378,3971,99.8508
15.0052,26117,391,99.8508
16.0053,27871,1063,99.8508
17.0056,29544,7,99.8508
18.006,31335,14,99.8508
19.0067,33120,1195,99.8508
20.0069,34828,283,99.8508
21.0072,36532,1987,99.8508
22.0076,38140,27,99.8508
23.0086,39867,1753,99.8508
24.0089,41495,3381,99.8508
25.0095,43058,4943,99.8508
26.0097,44641,244,99.8508
27.0098,46384,202,99.8508
28.0099,48103,1921,99.8508
29.0102,49746,99,99.8508
30.0106,51485,1838,99.8508
31.0107,53314,668,99.8508
32.0109,55162,932,99.8508
33.0112,56898,517,99.8508
34.0118,58675,1750,99.8508
35.0126,60437,1725,99.8508
36.013,62059,3347,99.8508
37.0135,63607,4895,99.8508
38.014,65373,259,99.8508
39.0145,67133,111,99.8508
40.0147,68906,217,99.8508
41.015,70737,752,99.8508
42.0153,72451,428,99.8508
43.0159,74371,453,99.8508
44.0167,76151,902,99.8508
45.0169,77794,2545,99.8508
46.0171,79488,652,99.8508
47.0176,81171,2335,99.8508
48.0179,82793,3956,99.8508
49.0182,84430,41,99.8508
50.0186,86240,209,99.8508
51.019,88117,648,99.8508
52.0195,89841,920,99.8508
53.0198,91509,2588,99.8508
54.0206,93167,265,99.8508
55.0208,95029,844,99.8508
56.0211,96777,517,99.8508
57.0213,98510,177,99.8508
58.0215,100376,138,99.8508
59.022,102092,1853,99.8508
60.0224,103911,511,99.8508
61.0226,105591,67,99.8508
62.0228,107286,1762,99.8508
63.023,109029,287,99.8508
64.0236,110741,1998,99.8508
65.0237,112367,3624,99.8508
66.024,113915,5172,99.8508
67.0241,115452,6709,99.8508
68.0242,117181,1529,99.8508
69.0245,118931,1628,99.8508
70.0249,120662,787,99.8508
71.0251,122415,602,99.8508
72.0256,124185,129,99.8508
73.0261,125927,1871,99.8508
74.0264,127566,3510,99.8508
75.0271,129145,5089,99.8508
76.0277,130783,193,99.8508
77.0282,132599,343,99.8508
78.0283,134316,2059,99.8508
79.029,135948,3691,99.8508
80.0293,137534,5276,99.8508
81.0295,139091,268,99.8508
82.0296,140920,211,99.8508
83.0297,142810,504,99.8508
84.0303,144607,396,99.8508
85.0305,146371,1732,99.8508
86.0308,148075,540,99.8508
87.0312,149758,2223,99.8508
88.0315,151494,1022,99.8508
89.0316,153182,2709,99.8508
90.032,154773,4300,99.8508
91.0322,156345,5872,99.8508
92.0326,157888,178,99.8508
93.0327,159725,501,99.8508
94.033,161534,351,99.8508
95.0337,163237,2054,99.8508
96.0339,164838,3655,99.8508
97.0344,166533,870,99.8508
98.0348,168209,2546,99.8508
99.0351,169795,4132,99.8508
100.035,171408,35,99.8508
101.035,173136,1763,99.8508
102.036,174941,687,99.8508
103.036,176719,1398,99.8508
104.037,178345,3024,99.8508
105.037,179909,4588,99.8508
106.037,181431,6109,99.8508
107.038,183057,626,99.8508
108.038,184775,197,99.8508
109.038,186681,147,99.8508
110.039,188430,1896,99.8508
111.039,190153,176,99.8508
112.039,191983,1370,99.8508
113.04,193766,291,99.8508
114.04,195603,1188,99.8508
115.041,197301,213,99.8508
116.041,199015,1927,99.8508
117.041,200756,292,99.8508
118.042,202633,798,99.8508
119.042,204411,1549,99.8508
120.042,206199,1389,99.8508
121.043,207863,3051,99.8508
122.043,209471,4659,99.8508
123.043,211262,697,99.8508
124.044,212949,2384,99.8508
125.044,214652,879,99.8508
126.044,216354,828,99.8508
127.045,217996,1242,99.8508
128.045,219705,436,99.8508
129.046,221433,992,99.8508
130.047,223004,2563,99.8508
131.047,224209,257,99.8508
132.048,225848,377,99.8508
133.048,227583,1371,99.8508
134.049,229179,2967,99.8508
135.049,230854,1004,99.8508
136.05,232513,482,99.8508
137.05,234155,465,99.8508
138.05,235867,778,99.8508
139.051,237637,1190,99.8508
140.051,239453,1393,99.8508
141.052,241067,3007,99.8508
142.052,242940,927,99.8508
143.052,244758,615,99.8508
144.053,246551,992,99.8508
145.054,248261,2702,99.8508
146.054,250003,1383,99.8508
147.055,251854,283,99.8508
148.055,253725,554,99.8508
149.055,255507,1498,99.8508
150.055,257388,216,99.8508
151.056,259213,1312,99.8508
152.056,260851,2949,99.8508
153.057,262439,4536,99.8508
154.057,264010,6104,99.8508
155.057,265770,1651,99.8508
156.058,267441,3322,99.8508
157.058,269262,1244,99.8508
158.058,270979,164,99.8508
159.059,272801,1379,99.8508
160.059,274719,287,99.8508
161.059,276557,1319,99.8508
162.06,278215,2977,99.8508
163.06,279826,4588,99.8508
164.061,281577,1677,99.8508
165.062,283411,587,99.8508
166.062,285172,610,99.8508
167.062,286963,48,99.8508
168.063,288801,333,99.8508
169.063,290678,564,99.8508
170.063,292422,308,99.8508
171.064,294233,1342,99.8508
172.064,295879,2988,99.8508
173.065,297487,4596,99.8508
174.066,299009,6116,99.8508
175.066,300535,52,99.8508
176.067,302285,1802,99.8508
177.067,303950,3467,99.8508
178.067,305541,5058,99.8508
179.067,307373,20,99.8508
180.068,309181,1403,99.8508
181.068,310823,3045,99.8508
182.069,312437,4659,99.8508
183.069,314162,1309,99.8508
184.069,315944,965,99.8508
185.07,317643,395,99.8508
186.07,319497,284,99.8508
187.07,321315,247,99.8508
188.071,323179,968,99.8508
189.071,324949,754,99.8508
190.072,326646,2450,99.8508
191.072,328401,315,99.8508
192.072,330253,22,99.8508
193.072,332181,22,99.8508
194.073,333949,1790,99.8508
195.073,335697,1053,99.8508
196.074,337547,548,99.8508
197.074,339407,1,99.8508
198.074,341263,419,99.8508
199.074,343158,387,99.8508
200.075,344937,1013,99.8508
201.075,346602,2678,99.8508
202.075,348300,85,99.8508
203.076,350213,62,99.8508
204.076,352077,503,99.8508
205.076,353925,999,99.8508
206.077,355600,2674,99.8508
207.077,357227,4301,99.8508
208.077,358793,5867,99.8508
209.077,360693,381,99.8508
210.078,362542,831,99.8508
211.079,364334,464,99.8508
212.079,366056,2186,99.8508
213.079,367690,3820,99.8508
214.08,369285,5415,99.8508
215.08,371036,287,99.8508
216.08,372776,2027,99.8508
217.081,374424,3675,99.8508
218.082,376126,181,99.8508
219.082,377971,1191,99.8508
220.083,379636,2856,99.8508
221.084,381463,226,99.8508
222.084,383237,447,99.8508
223.084,384952,35,99.8508
224.085,386655,10,99.8508
225.086,388346,1319,99.8508
226.086,389833,2806,99.8508
227.086,391433,4406,99.8508
228.086,393148,999,99.8508
229.087,394797,2648,99.8508
230.087,396583,275,99.8508
231.087,398378,397,99.8508
232.087,400221,350,99.8508
233.087,402063,1031,99.8508
234.088,403750,78,99.8508
235.088,405578,1053,99.8508
236.089,407302,37,99.8508
237.089,409075,1535,99.8508
238.089,410715,3174,99.8508
239.089,412301,4759,99.8508
240.09,413714,6172,99.8508
241.09,415297,328,99.8508
242.091,417092,1129,99.8508
243.091,418761,2798,99.8508
244.091,420553,680,99.8508
245.091,422232,2358,99.8508
246.091,424007,205,99.8508
247.092,425863,275,99.8508
248.092,427691,414,99.8508
249.093,429588,68,99.8508
250.093,431387,1245,99.8508
251.093,433033,2891,99.8508
252.094,434634,4491,99.8508
253.095,436366,533,99.8508
254.095,438068,2235,99.8508
255.096,439803,1302,99.8508
256.096,441420,2919,99.8508
257.097,442982,4481,99.8508
258.097,444668,1000,99.8508
259.097,446429,72,99.8508
260.098,448254,1069,99.8508
261.098,449921,2736,99.8508
262.098,451661,942,99.8508
263.099,453323,2604,99.8508
264.099,455132,984,99.8508
265.1,456810,2662,99.8508
266.1,458526,816,99.8508
267.1,460291,1177,99.8508
268.1,462046,98,99.8508
269.101,463961,228,99.8508
270.101,465904,207,99.8508
271.102,467798,235,99.8508
272.102,469583,1603,99.8508
273.103,471205,3225,99.8508
274.103,473066,366,99.8508
275.104,474885,41,99.8508
276.104,476742,322,99.8508
277.104,478523,1374,99.8508
278.104,480251,57,99.8508
279.105,482020,1826,99.8508
280.106,483783,898,99.8508
281.106,485426,2540,99.8508
282.107,487037,511,99.8508
283.107,488689,1525,99.8508
284.107,490283,3119,99.8508
285.108,491809,4645,99.8508
286.108,493584,227,99.8508
287.109,495226,1869,99.8508
288.109,497000,1509,99.8508
289.11,498647,3154,99.8508
290.111,500390,1245,99.8508
291.111,502202,84,99.8508
292.111,503940,1822,99.8508
293.111,505752,320,99.8508
294.112,507492,1601,99.8508
295.116,509068,3177,99.8508
296.116,510696,53,99.8508
297.116,512537,266,99.8508
298.117,514278,217,99.8508
299.117,516090,1170,99.8508
300.001,517549,2629,99.8508
