1.00014,1952,94,120.075
2.0009,3815,518,120.075
3.00167,5529,2232,120.075
4.00232,7306,626,120.075
5.00256,8991,2311,120.075
6.00286,10712,92,108.911
7.00327,12556,789,108.911
8.00372,14421,409,108.911
9.00398,16216,84,108.911
10.0041,18027,329,108.911
11.0043,19866,64,108.911
12.0045,21691,89,108.911
13.0053,23544,386,108.911
14.0056,25399,440,108.911
15.0058,27117,2157,108.911
16.0059,28901,1738,108.911
17.0062,30707,74,108.911
18.0063,32546,371,108.911
19.0068,34399,1487,108.911
20.0071,36135,33,108.448
21.0073,38013,752,108.448
22.0077,39819,1051,98.3087
23.0084,41662,503,98.3087
24.0088,43444,400,98.3087
25.0093,45236,1607,98.3087
26.0094,46939,270,98.3087
27.0101,48689,2018,98.3087
28.0105,50530,556,98.3087
29.0108,52356,31,98.3087
30.0114,54137,1812,98.3087
31.0116,55864,508,98.3087
32.0119,57667,1447,98.3087
33.0123,59397,354,98.3087
34.0124,61352,154,98.3087
35.0126,63071,1873,98.3087
36.0127,64698,3500,98.3087
37.013,66527,557,98.3087
38.0139,68379,396,98.3087
39.014,70188,979,98.3087
40.0144,71855,2646,98.3087
41.0151,73672,1408,98.3087
42.0157,75349,3085,98.3087
43.0162,77038,653,98.3087
44.0167,78962,178,98.3087
45.0169,80883,102,98.3087
46.0174,82807,12,98.3087
47.0177,84658,1250,98.3087
48.0183,86475,1470,98.3087
49.019,88190,342,98.3087
50.0194,89914,2066,98.3087
51.0198,91691,1346,98.3087
52.02,93339,2994,98.3087
53.0205,94965,240,98.3087
54.021,96753,1671,98.3087
55.0213,98504,860,98.3087
56.0216,100188,2544,98.3087
57.0218,101811,4166,98.3087
58.022,103659,96,98.3087
59.0222,105605,107,98.3087
60.0223,107494,787,98.3087
61.0232,109271,770,98.3087
62.0234,111046,1106,98.3087
63.0237,112701,2761,98.3087
64.0238,114326,88,98.3087
65.024,116227,720,98.3087
66.0246,117885,2377,98.3087
67.025,119619,892,98.3087
68.0255,121379,935,98.3087
69.0258,123196,629,98.3087
70.0264,124867,2300,98.3087
71.0268,126674,534,98.3087
72.0275,128384,2244,98.3087
73.0279,130164,851,98.3087
74.028,131837,2524,98.3087
75.0283,133603,1743,98.3087
76.0284,135475,38,98.3087
77.0286,137256,253,98.3087
78.0288,139166,71,98.3087
79.029,140949,1514,98.3087
80.0297,142815,938,98.3087
81.0304,144504,2627,98.3087
82.0307,146356,312,98.3087
83.0313,148140,675,98.3087
84.0315,149809,2344,98.3087
85.0317,151440,88,98.3087
86.032,153357,351,98.3087
87.0328,155148,677,98.3087
88.0335,156820,2349,98.3087
89.034,158449,3978,98.3087
90.0345,160015,5543,98.3087
91.0349,161528,7055,98.3087
92.0355,163450,72,98.3087
93.036,165278,165,98.3087
94.0364,167033,1920,98.3087
95.0367,168663,3550,98.3087
96.0369,170279,123,98.3087
97.0374,172051,1483,98.3087
98.038,173666,3098,98.3087
99.0386,175082,4514,98.3087
100.039,176598,6030,98.3087
101.04,178154,253,98.3087
102.04,179961,256,98.3087
103.041,181821,1024,98.3087
104.041,183494,2695,98.3087
105.041,185155,337,98.3087
106.041,187061,280,98.3087
107.042,188946,94,98.3087
108.042,190828,65,98.3087
109.042,192723,244,98.3087
110.043,194593,978,98.3087
111.044,196392,691,98.3087
112.044,198172,1200,98.3087
113.045,200009,635,98.3087
114.046,201722,102,98.3087
115.046,203628,164,98.3087
116.047,205446,979,98.3087
117.047,207112,2645,98.3087
118.048,208774,93,83.9791
119.048,210529,1847,83.9791
120.049,212135,3453,83.9791
121.049,213958,398,83.9791
122.049,215843,83,83.9791
123.049,217680,199,83.9791
124.049,219506,123,83.9791
125.05,221245,1862,83.9791
126.051,222867,3484,83.9791
127.051,224644,1749,83.9791
128.052,226286,3391,83.9791
129.052,227869,4974,83.9791
130.053,229759,236,83.9791
131.053,231617,466,83.9791
132.053,233417,1392,83.9791
133.053,235149,39,83.9791
134.054,236939,285,83.9791
135.054,238762,192,83.9791
136.054,240601,465,83.9791
137.055,242378,1327,83.9791
138.055,244196,360,83.9791
139.055,246039,1211,83.9791
140.056,247825,1141,83.9791
141.057,249616,671,83.9791
142.057,251305,2360,83.9791
143.057,252925,3980,83.9791
144.057,254560,11,83.9791
145.058,256472,536,83.9791
146.059,258239,575,83.9791
147.059,260076,563,83.9791
148.06,261838,1361,83.9791
149.06,263487,3010,83.9791
150.061,265209,1346,83.9791
151.062,267071,889,83.9791
152.062,268770,2588,83.9791
153.062,270371,4189,83.9791
154.062,272078,371,83.9791
155.063,273856,1179,83.9791
156.064,275512,2835,83.9791
157.064,277104,4427,83.9791
158.064,278685,193,83.9791
159.064,280393,1901,83.9791
160.065,282030,3538,83.9791
161.066,283593,5101,83.9791
162.066,285122,6630,83.9791
163.067,286616,8122,83.9791
164.067,288231,9,83.9791
165.067,290177,32,83.9791
166.068,292098,363,83.9791
167.068,293904,1005,83.9791
168.068,295595,2696,83.9791
169.069,297187,4288,83.9791
170.069,298976,1745,83.9791
171.069,300787,406,83.9791
172.07,302614,214,83.9791
173.07,304391,1626,83.9791
174.071,306233,602,83.9791
175.071,307911,2280,83.9791
176.072,309673,170,83.9791
177.072,311580,916,83.9791
178.072,313338,1715,83.9791
179.072,314972,3349,83.9791
180.073,316580,116,83.9791
181.073,318483,326,83.9791
182.073,320361,943,83.9791
183.074,322249,113,83.9791
184.074,324045,1558,83.9791
185.074,325669,3182,83.9791
186.075,327455,1672,83.9791
187.075,329166,293,83.9791
188.076,330938,1255,83.9791
189.076,332600,2917,83.9791
190.077,334200,4516,83.9791
191.077,335731,6047,83.9791
192.078,337337,493,83.9791
193.078,339116,1716,83.9791
194.079,340790,3390,83.9791
195.08,342651,6,83.9791
196.08,344556,47,83.9791
197.08,346356,1461,83.9791
198.08,348169,253,83.9791
199.081,349993,414,83.9791
200.081,351811,453,83.9791
201.082,353517,2159,83.9791
202.082,355134,3776,83.9791
203.082,356711,5353,83.9791
204.083,358412,939,83.9791
205.083,360080,2606,83.9791
206.084,361683,4208,83.9791
207.084,363486,1062,83.9791
208.084,365155,354,83.9791
209.085,366910,1579,83.9791
210.085,368535,3204,83.9791
211.085,370311,124,83.9791
212.086,372103,140,83.9791
213.086,373835,1872,83.9791
214.087,375476,3513,83.9791
215.087,377054,5091,83.9791
216.088,378861,319,83.9791
217.088,380578,2036,83.9791
218.088,382342,1591,83.9791
219.088,384008,3256,83.9791
220.089,385752,1369,83.9791
221.089,387519,1160,83.9791
222.089,389307,473,83.9791
223.09,391145,1098,83.9791
224.09,392964,792,83.9791
225.091,394579,2407,83.9791
226.091,396130,3958,83.9791
227.092,397767,630,83.9791
228.092,399686,441,83.9791
229.092,401550,1161,83.9791
230.093,403200,2810,83.9791
231.093,404995,873,83.9791
232.093,406893,272,83.9791
233.094,408650,1713,83.9791
234.094,410418,1198,83.9791
235.094,412198,111,83.9791
236.094,413961,265,83.9791
237.095,415763,1285,83.9791
238.095,417476,798,83.9791
239.096,419318,999,83.9791
240.096,421186,475,83.9791
241.096,422954,1725,83.9791
242.096,424747,322,83.9791
243.097,426578,6,83.9791
244.097,428465,46,83.9791
245.098,430289,997,83.9791
246.098,431961,2669,83.9791
247.099,433564,4272,83.9791
248.099,435107,5815,83.9791
249.099,436958,855,83.9791
250.099,438745,1576,83.9791
251.1,440518,1613,83.9791
252.101,442166,3261,83.9791
253.101,443757,4852,83.9791
254.101,445673,231,83.9791
255.102,447410,1677,83.9791
256.103,449014,3281,83.9791
257.103,450722,804,83.9791
258.104,452387,2469,83.9791
259.104,454158,73,83.9791
260.105,456011,1201,83.9791
261.105,457827,1396,83.9791
262.105,459547,459,83.9791
263.106,461334,1128,83.9791
264.106,463182,440,83.9791
265.107,465044,158,83.9791
266.107,466851,1526,83.9791
267.108,468472,3147,83.9791
268.108,470024,4699,83.9791
269.109,471549,6224,83.9791
270.109,473042,7716,83.9791
271.109,474827,1303,83.9791
272.11,476478,2954,83.9791
273.11,478230,1315,83.9791
274.111,479882,2967,83.9791
275.111,481470,4555,83.9791
276.112,483017,6101,83.9791
277.112,484956,139,83.9791
278.112,486805,856,83.9791
279.112,488463,2514,83.9791
280.113,490058,4109,83.9791
281.113,491883,1178,83.9791
282.113,493628,855,83.9791
283.114,495320,2547,83.9791
284.114,497040,171,83.9791
285.114,498755,1886,83.9791
286.114,500464,654,83.9791
287.114,502225,1366,83.9791
288.115,504090,1,83.9791
289.115,505965,958,83.9791
290.116,507754,410,83.9791
291.116,509491,223,83.9791
292.116,511387,16,83.9791
293.116,513308,61,83.9791
294.117,515120,17,83.9791
295.117,516959,525,83.9791
296.118,518671,2237,83.9791
297.118,520396,1139,83.9791
298.118,522213,111,83.9791
299.119,523922,1820,83.9791
300,525378,224,83.9791
