1.00076,1650,1309,223.31
2.00147,3172,2356,223.31
3.00174,4667,3269,223.31
4.00184,6156,4054,223.31
5.00243,7640,4757,223.31
6.00277,9129,5278,215.95
7.00296,10619,5798,211.793
8.00306,12128,6326,211.793
9.00378,13617,6804,211.793
10.0043,15124,7271,211.793
11.0046,16629,6801,168.844
12.0047,18124,7282,168.841
13.0055,19606,6864,127.144
14.0058,21105,7232,127.144
15.0066,22638,7622,127.144
16.0068,24179,8003,127.144
17.0071,25699,8355,127.144
18.0078,27220,8690,127.144
19.0082,28749,8981,127.144
20.0083,30270,9274,127.144
21.009,31793,9534,127.025
22.0092,33318,9711,126.036
23.0095,34845,9956,126.036
24.0102,36351,10123,125.185
25.0107,37885,10274,124.333
26.0115,39422,10463,124.333
27.0121,40956,10691,124.333
28.0125,42466,10605,120.759
29.013,44007,10857,120.759
30.0132,45527,11174,120.759
31.014,47025,11482,120.759
32.0144,48519,11783,120.759
33.0153,50004,10089,94.1197
34.0157,51519,10300,93.8352
35.0164,53073,10508,93.8352
36.0167,54533,10712,93.8352
37.0171,56047,10917,93.8352
38.0173,57557,11081,93.489
39.0176,59106,10553,88.3754
40.0177,60664,10719,88.3754
41.0185,62241,10875,88.3754
42.0189,63809,11035,88.3754
43.0191,65368,11172,88.3754
44.0194,66917,11307,88.3754
45.02,68498,11419,88.3754
46.0207,70058,11527,88.3754
47.0209,71612,11665,88.3754
48.0214,73184,11774,88.3754
49.0215,74751,11866,88.3754
50.022,76315,11999,88.3754
51.0227,77868,12085,88.3754
52.0231,79405,12202,88.3754
53.0239,80969,12287,88.3754
54.024,82532,12382,88.3754
55.0244,84103,12498,88.3754
56.0249,85661,12616,88.3754
57.0254,87226,12732,88.3754
58.026,88779,12835,88.3754
59.0262,90342,12942,88.3754
60.0267,91874,13050,88.3754
61.0273,93432,13143,88.3754
62.0274,95009,13244,88.3754
63.0276,96553,13351,88.3754
64.0287,98095,13439,88.3754
65.0292,99644,13478,88.3754
66.0295,101213,13583,88.3754
67.0299,102785,13679,88.3754
68.0305,104342,13783,88.3754
69.0314,105889,13836,88.3754
70.0318,107437,13854,88.16
71.0319,108997,13912,88.16
72.0323,110544,13976,88.16
73.0326,112096,14038,88.16
74.0332,113634,14114,88.16
75.0336,115214,14178,88.16
76.0338,116759,14260,88.16
77.0343,118339,14338,88.16
78.0349,119884,14409,88.16
79.0355,121449,14440,88.16
80.0358,123015,14490,88.16
81.0361,124569,14546,88.16
82.0367,126151,14595,88.16
83.0373,127692,14654,88.16
84.0379,129281,14704,88.16
85.038,130853,14686,87.5694
86.0384,132408,14698,87.5694
87.0386,133970,14757,87.5694
88.0388,135551,14827,87.5694
89.0391,137113,14886,87.5694
90.0394,138669,14931,87.5694
91.0397,140229,15010,87.5694
92.0399,141777,15029,87.5694
93.04,143340,15065,87.5694
94.0406,144910,15096,87.5694
95.0412,146475,15145,87.5694
96.0419,148059,15185,87.5694
97.0423,149635,15200,87.4222
98.0425,151194,15218,87.4222
99.043,152754,15249,87.4222
100.043,154303,15294,87.4222
101.044,155873,15328,87.4222
102.045,157425,15370,87.4222
103.045,158988,15384,87.4222
104.046,160531,15422,87.4222
105.046,162106,15465,87.4222
106.046,163693,15505,87.4222
107.046,165260,15518,87.4222
108.047,166832,15560,87.4222
109.047,168399,15496,86.7702
110.048,169979,15521,86.7702
111.048,171538,15568,86.7702
112.048,173119,15591,86.7702
113.049,174688,15643,86.7702
114.049,176284,15675,86.7702
115.05,177871,15679,86.7702
116.05,179450,15689,86.7702
117.051,181033,15697,86.7702
118.051,182636,15720,86.7702
119.052,184227,15742,86.7702
120.052,185798,15771,86.7702
121.052,187369,15773,86.7702
122.053,188941,15784,86.7702
123.053,190504,15774,86.4891
124.054,192053,15811,86.4891
125.054,193630,15866,86.4891
126.054,195203,15889,86.4891
127.055,196790,15923,86.4891
128.056,198362,15941,86.4891
129.056,199932,15958,86.4891
130.057,201529,15994,86.4891
131.057,203083,16002,86.4891
132.057,204638,16021,86.4891
133.057,206196,16038,86.4891
134.058,207750,16058,86.4891
135.059,209321,16072,86.4891
136.059,210897,16098,86.4891
137.059,212479,16122,86.4891
138.06,214044,16126,86.4891
139.06,215631,16160,86.4891
140.061,217228,16175,86.4891
141.061,218810,16198,86.4891
142.061,220371,16235,86.4891
143.062,221941,16249,86.4891
144.062,223539,16273,86.4891
145.062,225131,16301,86.4891
146.063,226723,16309,86.4891
147.063,228304,16312,86.4891
148.063,229866,16337,86.4891
149.064,231435,16370,86.4891
150.065,233012,16379,86.4891
151.065,234587,16405,86.4891
152.065,236161,16421,86.4891
153.066,237755,16431,86.4891
154.066,239356,16431,86.4891
155.067,240934,16435,86.4891
156.067,242533,16431,86.4891
157.067,244121,16449,86.4891
158.068,245692,16472,86.4891
159.068,247256,16499,86.4891
160.069,248844,16499,86.4891
161.069,250423,16528,86.4891
162.07,252018,16543,86.4891
163.07,253586,16563,86.4891
164.07,255147,16574,86.4891
165.07,256712,16586,86.4891
166.071,258308,16594,86.4891
167.071,259891,16597,86.4891
168.072,261476,16624,86.4891
169.072,263046,16629,86.4891
170.072,264629,16652,86.4891
171.073,266199,16659,86.4891
172.073,267775,16678,86.4891
173.073,269362,16693,86.4891
174.074,270954,16725,86.4891
175.075,272531,16733,86.4891
176.075,274114,16745,86.4891
177.075,275686,16767,86.4891
178.075,277256,16769,86.4891
179.076,278858,16782,86.4891
180.076,280423,16803,86.4891
181.077,282000,16809,86.4891
182.077,283578,16830,86.4891
183.078,285137,16828,86.4891
184.078,286696,16844,86.4891
185.079,288282,16848,86.4891
186.079,289877,16841,86.4891
187.08,291457,16866,86.4891
188.08,293032,16894,86.4891
189.08,294606,16910,86.4891
190.08,296191,16935,86.4891
191.081,297780,16939,86.4891
192.082,299346,16959,86.4891
193.082,300923,16974,86.4891
194.083,302462,16980,86.4891
195.083,304033,16991,86.4891
196.084,305597,16991,86.4891
197.084,307197,17014,86.4891
198.085,308798,17027,86.4891
199.086,310371,17031,86.4891
200.086,311951,17035,86.4891
201.087,313519,17053,86.4891
202.087,315071,17068,86.4891
203.088,316648,17080,86.4891
204.088,318203,17101,86.4891
205.088,319775,17099,86.4891
206.089,321344,17106,86.4891
207.089,322947,17113,86.4891
208.089,324527,17123,86.4891
209.089,326100,17132,86.4891
210.09,327665,17141,86.4891
211.09,329242,17144,86.4891
212.09,330824,17154,86.4891
213.09,332383,17156,86.4891
214.091,333938,17152,86.4891
215.091,335490,17151,86.4891
216.092,337056,17144,86.4891
217.092,338636,17148,86.4891
218.093,340224,17149,86.4891
219.093,341801,17160,86.4891
220.093,343383,17183,86.4891
221.094,344970,17190,86.4891
222.095,346541,17189,86.4891
223.095,348111,17201,86.4891
224.096,349674,17205,86.4891
225.097,351250,17216,86.4891
226.097,352841,17224,86.4891
227.098,354430,17232,86.4891
228.099,356007,17245,86.4891
229.099,357591,17260,86.4891
230.099,359190,17267,86.4891
231.1,360766,17275,86.4891
232.1,362358,17279,86.4891
233.1,363922,17279,86.4891
234.101,365474,17291,86.4891
235.101,367052,17305,86.4891
236.102,368638,17317,86.4891
237.103,370240,17315,86.4891
238.103,371827,17329,86.4891
239.103,373412,17346,86.4891
240.103,374987,17374,86.4891
241.104,376579,17387,86.4891
242.104,378156,17396,86.4891
243.105,379736,17388,86.4891
244.105,381325,17400,86.4891
245.106,382890,17411,86.4891
246.106,384492,17427,86.4891
247.106,386087,17433,86.4891
248.107,387687,17451,86.4891
249.107,389221,17463,86.4891
250.108,390761,17468,86.4891
251.109,392319,17475,86.4891
252.109,393897,17479,86.4891
253.11,395433,17482,86.4891
254.11,396963,17490,86.4891
255.111,398533,17501,86.4891
256.111,400102,17506,86.4891
257.111,401654,17512,86.4891
258.111,403180,17505,86.4891
259.111,404542,17520,86.4891
260.111,405993,17539,86.4891
261.112,407580,17540,86.4891
262.112,409145,17552,86.4891
263.113,410655,17567,86.4891
264.113,411987,17574,86.4891
265.114,413550,17571,86.4891
266.114,415080,17590,86.4891
267.114,416642,17608,86.4891
268.115,418198,17624,86.4891
269.115,419683,17637,86.4891
270.116,421229,17644,86.4891
271.116,422789,17643,86.4891
272.116,424363,17649,86.4891
273.117,425931,17655,86.4891
274.117,427525,17670,86.4891
275.118,429070,17660,86.4891
276.118,430641,17671,86.4891
277.118,432163,17669,86.4891
278.119,433730,17677,86.4891
279.119,435302,17685,86.4891
280.12,436876,17679,86.4891
281.12,438452,17686,86.4891
282.121,440014,17692,86.4891
283.122,441565,17703,86.4891
284.122,443093,17700,86.4891
285.123,444683,17716,86.4891
286.124,446286,17707,86.4891
287.124,447867,17702,86.4891
288.124,449441,17703,86.4891
289.125,450994,17714,86.4891
290.125,452566,17725,86.4891
291.125,454149,17725,86.4891
292.125,455717,17718,86.4891
293.126,457231,17738,86.4891
294.126,458493,17753,86.4891
295.126,460050,17754,86.4891
296.127,461616,17755,86.4891
297.127,463145,17768,86.4891
298.127,464687,17770,86.4891
299.128,466100,17780,86.4891
300,467425,17785,86.4891
