1.00042,1675,1283,263.995
2.00187,3189,2258,263.995
3.00338,4669,3091,263.995
4.00448,6105,3025,168.845
5.00471,7601,3708,168.395
6.00484,9126,4307,167.862
7.00518,10601,4882,167.427
8.00534,12109,5462,167.427
9.00609,13601,5991,167.427
10.0068,15137,6001,141.311
11.0077,16662,6518,141.311
12.0083,18178,7010,141.311
13.0087,19638,7430,141.311
14.0089,21161,7834,141.311
15.0097,22690,8217,141.311
16.0104,24209,8566,141.311
17.0107,25735,8912,141.311
18.0111,27259,9236,141.311
19.0112,28780,9546,141.311
20.0117,30298,9831,141.311
21.0119,31803,10077,141.311
22.0126,33308,10289,141.311
23.0128,34804,10553,141.311
24.0133,36324,10797,141.311
25.0138,37865,11005,141.311
26.0147,39396,11227,141.311
27.0149,40936,11441,141.311
28.0156,42443,11636,141.311
29.0158,43914,11831,141.311
30.0159,45477,11977,141.311
31.0166,47006,12142,141.311
32.0167,48544,12302,141.311
33.0173,50073,12453,141.311
34.0185,51582,11208,124.222
35.0187,53112,11364,124.181
36.019,54659,11519,124.181
37.0193,56212,11733,124.181
38.0195,57765,11936,124.181
39.0202,59316,12111,124.181
40.0205,60863,11828,120.586
41.0212,62429,11957,120.586
42.0214,63985,12099,120.586
43.022,65536,12262,120.586
44.0223,67088,12377,120.586
45.0227,68633,12514,120.586
46.0233,70175,12661,120.586
47.024,71736,12785,120.586
48.0242,73294,12914,120.586
49.0244,74870,13045,120.586
50.0249,76430,13171,120.586
51.0255,77985,13306,120.586
52.0257,79525,13427,120.586
53.026,81081,13518,120.586
54.0263,82638,13636,120.586
55.0265,84173,13758,120.586
56.0269,85739,13871,120.586
57.0278,87288,14007,120.586
58.028,88822,14124,120.586
59.0286,90380,14200,120.586
60.0291,91912,14313,120.586
61.0298,93377,13484,112.802
62.0305,94927,13582,112.802
63.0309,96482,13663,112.802
64.0312,98055,13755,112.802
65.0315,99623,13810,112.802
66.0317,101192,13902,112.802
67.0322,102753,13966,112.802
68.0326,104325,14062,112.802
69.033,105893,14162,112.802
70.0333,107456,14216,112.802
71.0335,109017,14299,112.802
72.0343,110567,14376,112.802
73.0351,112107,14427,112.802
74.0354,113669,14500,112.802
75.0361,115212,14534,112.802
76.0366,116778,14630,112.802
77.0369,118347,14699,112.802
78.0376,119914,14747,112.802
79.0378,121474,14819,112.802
80.0384,123027,14886,112.802
81.0386,124617,14929,112.802
82.0389,126193,15003,112.802
83.0395,127747,15073,112.802
84.0397,129295,15131,112.802
85.0401,130879,15186,112.802
86.0402,132438,15241,112.802
87.0409,133982,15289,112.802
88.0413,135534,15351,112.802
89.0417,137102,15391,112.802
90.0422,138663,15446,112.802
91.0426,140247,15486,112.802
92.043,141796,15227,110.121
93.0431,143383,15292,110.121
94.0439,144959,15350,110.121
95.0441,146538,15392,110.121
96.0444,148121,15416,110.121
97.0447,149693,15477,110.121
98.0448,151258,15531,110.121
99.045,152839,15577,110.121
100.046,154409,15603,110.121
101.046,156002,15628,110.121
102.046,157570,15671,110.121
103.047,159120,15696,110.121
104.047,160706,15737,110.121
105.048,162273,15756,110.121
106.048,163852,15796,110.121
107.048,165416,15825,110.121
108.049,166991,15848,110.121
109.049,168558,15902,110.121
110.05,170152,15944,110.121
111.05,171723,15989,110.121
112.05,173300,16025,110.121
113.051,174870,16057,110.121
114.051,176449,16107,110.121
115.051,178034,16137,110.121
116.052,179617,16165,110.121
117.052,181197,16165,110.121
118.053,182785,16196,110.121
119.053,184374,16213,110.121
120.054,185940,16219,110.121
121.054,187495,16226,110.121
122.054,189083,16259,110.121
123.054,190657,16295,110.121
124.055,192241,16300,110.121
125.056,193810,16329,110.121
126.056,195385,16347,110.121
127.057,196951,16386,110.121
128.057,198542,16409,110.121
129.058,200113,16456,110.121
130.058,201689,16489,110.121
131.058,203275,16509,110.121
132.059,204836,16552,110.121
133.059,206401,16564,110.121
134.06,207973,16604,110.121
135.061,209550,16630,110.121
136.061,211138,16653,110.121
137.061,212715,16677,110.121
138.062,214278,16700,110.121
139.062,215848,16712,110.121
140.063,217414,16744,110.121
141.064,218984,16760,110.121
142.064,220558,16791,110.121
143.065,222131,16800,110.121
144.065,223705,16815,110.121
145.066,225259,16841,110.121
146.066,226828,16869,110.121
147.067,228406,16883,110.121
148.067,229960,16904,110.121
149.068,231517,16922,110.121
150.068,233086,16941,110.121
151.069,234657,16950,110.121
152.069,236257,16984,110.121
153.07,237818,17006,110.121
154.07,239405,17017,110.121
155.071,240986,17045,110.121
156.071,242555,17062,110.121
157.071,244114,17087,110.121
158.072,245689,17093,110.121
159.072,247245,17107,110.121
160.073,248810,17127,110.121
161.073,250386,17139,110.121
162.073,251941,17161,110.121
163.073,253515,17187,110.121
164.074,255101,17220,110.121
165.074,256667,17239,110.121
166.075,258230,17271,110.121
167.076,259814,17299,110.121
168.076,261382,17312,110.121
169.077,262959,17322,110.121
170.077,264550,17354,110.121
171.077,266132,17364,110.121
172.077,267708,17383,110.121
173.078,269291,17379,110.121
174.079,270857,17392,110.121
175.079,272420,17410,110.121
176.079,274007,17435,110.121
177.08,275596,17445,110.121
178.08,277171,17467,110.121
179.081,278734,17474,110.121
180.081,280289,17490,110.121
181.081,281861,17489,110.121
182.082,283423,17506,110.121
183.083,284981,17521,110.121
184.083,286536,17522,110.121
185.083,288134,17525,110.121
186.084,289703,17555,110.121
187.084,291274,17572,110.121
188.085,292836,17576,110.121
189.085,294392,17612,110.121
190.086,295946,17623,110.121
191.086,297517,17641,110.121
192.086,299084,17638,110.121
193.087,300639,17646,110.121
194.087,302210,17652,110.121
195.088,303788,17651,110.121
196.088,305364,17662,110.121
197.088,306942,17683,110.121
198.089,308516,17687,110.121
199.089,310116,17707,110.121
200.09,311701,17682,110.121
201.09,313275,17710,110.121
202.091,314856,17729,110.121
203.091,316415,17740,110.121
204.091,317975,17758,110.121
205.092,319550,17771,110.121
206.092,321126,17786,110.121
207.093,322701,17808,110.121
208.093,324274,17831,110.121
209.094,325848,17855,110.121
210.094,327411,17860,110.121
211.095,328969,17848,110.121
212.095,330526,17859,110.121
213.096,332120,17870,110.121
214.096,333694,17864,110.121
215.097,335267,17864,110.121
216.097,336840,17887,110.121
217.098,338399,17891,110.121
218.098,339980,17893,110.121
219.099,341548,17881,110.121
220.099,343127,17885,110.121
221.099,344674,17877,110.121
222.1,346234,17889,110.121
223.101,347783,17905,110.121
224.101,349341,17919,110.121
225.101,350909,17918,110.121
226.102,352476,17925,110.121
227.103,354049,17933,110.121
228.103,355620,17943,110.121
229.103,357187,17951,110.121
230.104,358767,17955,110.121
231.104,360329,17972,110.121
232.105,361908,17966,110.121
233.105,363475,17982,110.121
234.105,365038,17998,110.121
235.106,366606,18020,110.121
236.106,368182,18038,110.121
237.107,369755,18052,110.121
238.107,371323,18063,110.121
239.108,372899,18085,110.121
240.108,374475,18098,110.121
241.108,376041,18106,110.121
242.109,377602,18112,110.121
243.109,379177,18133,110.121
244.109,380744,18131,110.121
245.11,382314,18122,109.973
246.11,383883,18147,109.973
247.11,385455,18164,109.973
248.111,387023,18172,109.973
249.111,388572,18176,109.973
250.111,390097,18167,109.973
251.111,391684,18162,109.973
252.112,393225,18077,108.958
253.112,394768,18110,108.958
254.112,396331,18113,108.958
255.112,397905,18124,108.958
256.113,399469,18130,108.958
257.113,401055,18137,108.958
258.113,402603,18161,108.958
259.114,403931,18164,108.958
260.114,405361,18165,108.958
261.114,406902,18172,108.958
262.115,408455,18179,108.958
263.115,409966,18177,108.958
264.116,411360,18188,108.958
265.117,412892,18208,108.958
266.117,414463,18223,108.958
267.117,416032,18210,108.958
268.118,417586,18217,108.958
269.118,419102,18217,108.958
270.118,420598,18213,108.958
271.119,422030,18211,108.958
272.12,423587,18223,108.958
273.12,425162,18234,108.958
274.121,426721,18236,108.958
275.121,428272,18236,108.958
276.122,429828,18248,108.958
277.122,431397,18237,108.958
278.123,432963,18243,108.958
279.123,434505,18251,108.958
280.123,436045,18248,108.958
281.124,437620,18259,108.958
282.124,439195,18277,108.958
283.124,440767,18282,108.958
284.125,442351,18294,108.958
285.125,443909,18304,108.958
286.126,445470,18315,108.958
287.127,447033,18322,108.958
288.128,448613,18329,108.958
289.128,450195,18337,108.958
290.129,451762,18347,108.958
291.129,453312,18336,108.958
292.129,454877,18351,108.958
293.129,456448,18367,108.958
294.13,458002,18371,108.958
295.13,459546,18374,108.958
296.131,461083,18368,108.958
297.131,462638,18382,108.958
298.131,464153,18401,108.958
299.132,465710,18396,108.958
300,467072,18394,108.958
