1.00021,1766,1441,220.612
2.00049,3408,2479,220.612
3.00067,5043,3390,219.758
4.0016,6680,4172,217.051
5.00172,8320,4810,209.511
6.00215,9919,5440,209.454
7.00283,11545,5986,209.454
8.00349,13171,6523,209.454
9.00395,14790,7043,209.454
10.0041,16431,7455,205.368
11.0042,18066,7950,205.368
12.005,19690,7687,171.079
13.0052,21363,8105,171.079
14.0055,23009,8536,171.079
15.0062,24668,8652,160.31
16.0067,26317,9074,160.31
17.007,27975,9123,153.273
18.0077,29640,9092,147.929
19.0083,31340,9391,147.929
20.0086,32998,9712,147.929
21.0091,34668,10003,147.929
22.0093,36315,10330,147.929
23.0098,37967,10189,132.002
24.0104,39652,10234,125.176
25.011,41324,10492,125.176
26.0112,42987,10610,123.468
27.0115,44682,10814,123.468
28.0116,46364,11033,123.468
29.0122,48069,11233,123.468
30.0126,49764,11404,123.468
31.013,51440,11544,123.468
32.0135,53095,11745,123.468
33.014,54767,11937,123.468
34.0146,56438,12098,123.468
35.0151,58117,12263,123.468
36.0152,59810,12408,123.468
37.0155,61494,12576,123.468
38.016,63190,12680,123.468
39.0162,64860,12340,118.046
40.0167,66564,12467,118.046
41.0173,68269,12506,116.861
42.0177,69948,12639,116.861
43.0179,71654,12771,116.861
44.0186,73357,12893,116.861
45.0191,75037,12992,116.861
46.0198,76738,13119,116.861
47.0203,78409,13216,116.861
48.0203,80103,13323,116.861
49.0205,81809,13433,116.861
50.0209,83505,13536,116.861
51.0213,85197,13651,116.861
52.0218,86907,13743,116.861
53.0222,88595,13820,116.861
54.0228,90294,13888,116.861
55.023,91993,13971,116.861
56.0232,93683,14054,116.861
57.0234,95377,14107,116.861
58.0236,97067,14130,116.638
59.0242,98751,14209,116.638
60.025,100447,14291,116.638
61.0252,102146,14317,116.638
62.0258,103881,14381,116.638
63.026,105586,14461,116.638
64.0266,107267,14471,116.638
65.027,108954,14541,116.638
66.0273,110654,14584,116.638
67.0277,112335,14641,116.638
68.0283,114010,14697,116.638
69.0287,115687,14751,116.638
70.0293,117363,14805,116.638
71.0298,119047,14890,116.638
72.0299,120742,14947,116.638
73.0301,122442,15005,116.638
74.0308,124130,15083,116.638
75.031,125835,15167,116.638
76.0319,127525,15224,116.638
77.032,129213,15282,116.638
78.0324,130908,15319,116.631
79.0326,132586,15386,116.631
80.0333,134301,15443,116.631
81.0335,136019,15473,116.631
82.0339,137719,15494,116.631
83.0343,139423,15549,116.631
84.0345,141119,15549,116.033
85.0347,142815,15543,116.033
86.035,144513,15580,116.033
87.0355,146209,15620,116.033
88.0358,147905,15647,116.033
89.0362,149611,15699,116.033
90.0366,151306,15729,116.033
91.0369,152981,15760,116.033
92.0374,154654,15688,114.394
93.0376,156349,15731,114.394
94.0384,158054,15744,114.394
95.0391,159764,15762,114.394
96.0394,161469,15811,114.394
97.0397,163162,15838,114.394
98.0403,164866,15860,114.394
99.0408,166604,15870,114.394
100.041,168304,15920,114.394
101.041,169999,15944,114.394
102.042,171693,15962,114.394
103.042,173392,15979,114.394
104.043,175078,16022,114.394
105.043,176781,16066,114.394
106.043,178462,16114,114.394
107.044,180140,16135,114.394
108.044,181829,16148,114.394
109.044,183517,16189,114.394
110.045,185186,16198,114.394
111.045,186883,16236,114.394
112.046,188580,16247,114.394
113.046,190271,16286,114.394
114.047,191967,16323,114.394
115.047,193651,16344,114.394
116.048,195338,16374,114.394
117.048,197030,16398,114.394
118.049,198758,16407,114.394
119.049,200437,16422,114.394
120.05,202128,16450,114.394
121.05,203828,16480,114.394
122.051,205529,16491,114.394
123.051,207200,16521,114.394
124.052,208873,16546,114.394
125.052,210554,16565,114.394
126.053,212234,16590,114.394
127.053,213911,16603,114.394
128.054,215581,16624,114.394
129.054,217282,16643,114.394
130.054,218968,16652,114.394
131.054,220668,16681,114.394
132.055,222361,16715,114.394
133.055,224036,16712,114.394
134.055,225728,16739,114.394
135.056,227400,16761,114.394
136.056,229077,16761,114.394
137.056,230786,16780,114.394
138.057,232461,16790,114.394
139.057,234154,16810,114.394
140.057,235875,16828,114.246
141.058,237570,16853,114.246
142.058,239237,16886,114.246
143.059,240929,16922,114.246
144.059,242624,16960,114.246
145.06,244330,16986,114.246
146.06,246018,17008,114.246
147.06,247722,17021,114.246
148.061,249398,17047,114.246
149.061,251091,17078,114.246
150.062,252782,17112,114.246
151.062,254476,17138,114.246
152.063,256144,17188,114.246
153.063,257809,17196,114.246
154.064,259474,17223,114.246
155.064,261163,17244,114.246
156.064,262843,17274,114.246
157.065,264526,17309,114.246
158.066,266213,17332,114.246
159.066,267902,17372,114.246
160.067,269565,17367,114.246
161.067,271200,17399,114.246
162.067,272885,17438,114.246
163.068,274570,17468,114.246
164.068,276243,17476,114.246
165.068,277922,17491,114.246
166.068,279597,17511,114.246
167.069,281275,17527,114.246
168.069,282953,17552,114.246
169.07,284636,17567,114.246
170.07,286319,17620,114.246
171.07,287974,17653,114.246
172.071,289632,17668,114.246
173.072,291309,17704,114.246
174.072,292994,17733,114.246
175.073,294673,17748,114.246
176.073,296344,17761,114.246
177.074,298000,17209,108.766
178.074,299669,17239,108.766
179.074,301352,17269,108.766
180.074,303042,17281,108.766
181.075,304719,17317,108.766
182.075,306409,17320,108.766
183.076,308110,17321,108.766
184.076,309803,17333,108.766
185.076,311490,17337,108.766
186.077,313175,17365,108.728
187.077,314855,17381,108.728
188.078,316540,17229,107.698
189.078,318225,17237,107.698
190.079,319902,17256,107.698
191.079,321577,17273,107.698
192.08,323293,17275,107.698
193.08,324986,17316,107.698
194.081,326682,17348,107.698
195.081,328389,17343,107.698
196.081,330067,17235,106.851
197.082,331762,17262,106.851
198.082,333467,17290,106.851
199.083,335143,17316,106.778
200.083,336845,17320,106.778
201.083,338539,17324,106.778
202.084,340245,17338,106.778
203.084,341948,17369,106.778
204.084,343634,17298,106.12
205.085,345313,17337,106.12
206.085,347006,17318,105.768
207.085,348703,17338,105.768
208.086,350376,17321,105.418
209.087,352078,17341,105.418
210.087,353792,17360,105.418
211.088,355465,17399,105.418
212.088,357156,17411,105.418
213.089,358840,17361,104.981
214.089,360512,17263,104.252
215.089,362196,17286,104.252
216.09,363888,17312,104.252
217.09,365563,17328,104.252
218.091,367250,17368,104.252
219.091,368948,17397,104.252
220.091,370630,17415,104.252
221.092,372315,17432,104.252
222.092,374012,17458,104.252
223.092,375683,17455,104.252
224.093,377346,17428,103.916
225.094,379040,17448,103.916
226.094,380729,17453,103.916
227.094,382391,17359,103.204
228.095,384085,17381,103.204
229.095,385798,17410,103.204
230.095,387502,17427,103.204
231.096,389225,17441,103.204
232.096,390905,17447,103.204
233.097,392567,17497,103.204
234.097,394264,17513,103.204
235.098,395950,17538,103.204
236.098,397650,17565,103.204
237.098,399366,17572,103.204
238.099,401064,17582,103.204
239.099,402757,17587,103.204
240.099,404453,17585,103.204
241.1,406127,17607,103.204
242.1,407823,17638,103.204
243.101,409528,17572,102.791
244.101,411218,17584,102.791
245.101,412929,17581,102.791
246.102,414635,17590,102.791
247.102,416296,17618,102.791
248.102,418007,17644,102.791
249.103,419696,17655,102.791
250.103,421422,17668,102.791
251.103,423130,17684,102.791
252.104,424835,17656,102.791
253.104,426536,17668,102.791
254.105,428240,17683,102.791
255.105,429924,17699,102.791
256.105,431582,17727,102.791
257.106,433252,17751,102.791
258.106,434962,17769,102.791
259.106,436654,17781,102.791
260.107,438337,17784,102.791
261.107,440044,17807,102.791
262.107,441721,17820,102.791
263.108,443423,17827,102.791
264.108,445110,17839,102.791
265.108,446806,17862,102.791
266.109,448497,17875,102.791
267.109,450182,17896,102.791
268.109,451878,17903,102.791
269.11,453550,17902,102.791
270.11,455249,17903,102.791
271.11,456935,17923,102.791
272.111,458624,17929,102.791
273.111,460296,17938,102.791
274.112,461988,17951,102.791
275.112,463711,17948,102.791
276.113,465425,17966,102.791
277.113,467125,17972,102.791
278.114,468831,17985,102.791
279.114,470525,17996,102.791
280.115,472236,18002,102.791
281.115,473961,18017,102.791
282.116,475665,18035,102.791
283.116,477357,18025,102.791
284.117,479061,18055,102.791
285.117,480767,18056,102.791
286.117,482432,18043,102.791
287.117,484120,18036,102.791
288.118,485819,18038,102.791
289.118,487493,18046,102.791
290.119,489162,18052,102.791
291.119,490821,18056,102.791
292.119,492523,18061,102.791
293.12,494219,18079,102.791
294.121,495904,18113,102.791
295.121,497594,18110,102.791
296.121,499305,18130,102.791
297.121,501015,18142,102.791
298.122,502710,18154,102.791
299.122,504399,18171,102.791
300,505902,18183,102.791
