1.00028,1646,1479,inf
2.00041,3164,2373,141.759
3.00085,4654,3274,141.759
4.00122,6096,4072,141.759
5.00149,7535,4762,141.759
6.00247,8979,5349,141.759
7.00305,10428,5915,141.759
8.00384,11864,6427,141.759
9.00441,13299,6967,141.759
10.0049,14770,7432,141.759
11.0051,16271,7356,123.742
12.0057,17815,7775,123.736
13.0061,19383,8186,123.736
14.0064,20936,8534,123.736
15.0069,22516,8865,123.381
16.0072,24087,9187,123.381
17.0076,25647,9484,122.955
18.0079,27211,9779,122.955
19.0083,28747,10069,122.955
20.0091,30316,10386,122.955
21.0095,31882,10654,122.955
22.0097,33439,10901,122.955
23.0102,35011,11142,122.955
24.0108,36564,11216,119.558
25.0113,38116,10931,108.585
26.0115,39698,11252,108.585
27.0121,41271,10605,96.3478
28.0125,42857,10618,94.1021
29.0128,44447,10547,91.7144
30.0131,46076,10724,91.7144
31.0133,47701,10893,91.7144
32.0134,49311,11084,91.7144
33.0139,50915,11281,91.7144
34.0143,52542,11414,91.7144
35.0147,54154,11593,91.7144
36.0149,55767,11762,91.7144
37.0153,57391,11936,91.7144
38.0159,58984,12065,91.7144
39.016,60592,12226,91.7144
40.0166,62208,12365,91.7144
41.0168,63812,12544,91.7144
42.0169,65451,12667,91.7144
43.0177,67019,12224,87.8166
44.0183,68646,12253,86.8
45.0187,70275,12386,86.8
46.0191,71899,12503,86.8
47.0196,73521,12612,86.8
48.0197,75124,12730,86.8
49.0199,76729,12862,86.8
50.0204,78324,12962,86.8
51.0207,79918,13079,86.8
52.0209,81508,13142,86.8
53.0212,83127,13231,86.8
54.0215,84738,13289,86.8
55.0217,86317,13406,86.8
56.022,87921,13530,86.8
57.0226,89521,13626,86.8
58.023,91124,13715,86.8
59.0235,92699,13800,86.8
60.0238,94269,13883,86.8
61.0242,95853,13969,86.8
62.0243,97441,14059,86.7446
63.0249,99013,14133,86.7446
64.0254,100596,14210,86.7446
65.0255,102195,14291,86.7446
66.0257,103797,14379,86.7446
67.0264,105405,14437,86.7446
68.0269,106980,14479,86.7446
69.0272,108578,14536,86.7446
70.0282,110170,14618,86.7446
71.0286,111785,14672,86.7446
72.0288,113399,14748,86.7446
73.0291,114986,14823,86.7446
74.0293,116578,14636,85.3683
75.0296,118180,14671,85.3683
76.0298,119769,14746,85.3683
77.0303,121378,14816,85.3683
78.0305,122994,14872,85.3683
79.0314,124613,14940,85.3683
80.0316,126214,14983,85.3683
81.0322,127806,15034,85.3683
82.0328,129431,15075,85.3683
83.0334,131038,15120,85.3683
84.0339,132660,15191,85.3683
85.0344,134252,15242,85.3683
86.0345,135868,15296,85.3683
87.0351,137476,15348,85.3683
88.0358,139107,15412,85.3683
89.0368,140711,15456,85.3683
90.0369,142284,15521,85.3683
91.0371,143861,15568,85.3683
92.0375,145447,15604,85.3683
93.0377,147062,15648,85.3683
94.0381,148671,15684,85.3683
95.0388,150293,15733,85.3683
96.0392,151894,15767,85.3683
97.0395,153492,15792,85.3683
98.0399,155118,15813,85.3683
99.0406,156717,15859,85.3683
100.041,158313,15887,85.3683
101.042,159917,15924,85.3683
102.042,161536,15952,85.3683
103.042,163144,15987,85.3683
104.043,164760,16030,85.3683
105.043,166385,16088,85.3683
106.044,167996,16113,85.3683
107.044,169610,16129,85.3683
108.044,171218,16153,85.3683
109.045,172834,16171,85.3683
110.045,174440,16201,85.3683
111.046,176061,16232,85.3683
112.047,177668,16043,84.1137
113.047,179285,16080,84.1137
114.047,180910,16091,84.1137
115.047,182541,16121,84.1137
116.048,184152,16147,84.1137
117.048,185761,16181,84.1137
118.049,187392,16199,84.1137
119.05,188989,16226,84.1137
120.05,190601,16243,84.0477
121.05,192227,16284,84.0477
122.051,193842,16318,84.0477
123.051,195454,16312,84.0477
124.052,197048,16317,84.0477
125.052,198618,16359,84.0477
126.053,200216,16382,84.0477
127.053,201829,16395,84.0477
128.054,203456,16404,84.0477
129.054,205048,16405,84.0477
130.055,206643,16415,84.0477
131.055,208272,16435,84.0477
132.056,209867,16451,84.0477
133.056,211484,16475,84.0477
134.056,213089,16497,84.0477
135.057,214683,16511,84.0477
136.057,216282,16549,84.0477
137.058,217863,16569,84.0477
138.058,219469,16588,84.0477
139.059,221089,16605,84.0477
140.059,222713,16611,84.0477
141.06,224339,16639,84.0477
142.06,225973,16658,84.0477
143.061,227596,16677,84.0477
144.061,229229,16711,84.0477
145.062,230861,16732,84.0477
146.062,232501,16739,84.0477
147.063,234159,16745,84.0477
148.063,235812,16754,84.0477
149.064,237444,16769,84.0477
150.065,239066,16786,84.0477
151.065,240695,16807,84.0477
152.066,242320,16842,84.0477
153.066,243961,16851,84.0477
154.066,245567,16869,84.0477
155.067,247199,16876,84.0477
156.067,248841,16902,84.0477
157.067,250452,16924,84.0477
158.068,252090,16927,84.0477
159.068,253726,16933,84.0477
160.069,255362,16932,84.0477
161.069,256990,16955,84.0477
162.069,258609,16974,84.0477
163.07,260242,17001,84.0477
164.07,261866,17024,84.0477
165.07,263499,17030,84.0477
166.071,265126,16993,83.6773
167.071,266743,17009,83.6534
168.072,268367,17024,83.6534
169.073,269994,17035,83.6534
170.073,271608,17033,83.6534
171.073,273225,17057,83.6534
172.074,274829,17076,83.6534
173.074,276455,17093,83.6534
174.074,278096,17101,83.6534
175.075,279700,17104,83.6534
176.075,281315,17125,83.6534
177.076,282950,17123,83.6534
178.076,284578,17130,83.6534
179.076,286214,17132,83.6534
180.077,287831,17139,83.6534
181.078,289464,17145,83.6534
182.078,291082,17149,83.6534
183.078,292687,17135,83.6534
184.078,294292,17143,83.6534
185.079,295904,17137,83.6534
186.079,297521,17146,83.6534
187.08,299136,17166,83.6534
188.08,300757,17158,83.6534
189.081,302374,17182,83.6534
190.081,303956,17189,83.6534
191.082,305447,17202,83.6534
192.083,307089,17212,83.6534
193.083,308719,17227,83.6534
194.083,310339,17243,83.6534
195.084,311943,17225,83.3621
196.084,313546,17236,83.3621
197.085,315163,17256,83.3621
198.086,316779,17256,83.3621
199.086,318402,17264,83.3621
200.087,320042,17286,83.3621
201.087,321681,17284,83.3621
202.088,323293,17307,83.3621
203.088,324918,17317,83.3621
204.088,326530,17321,83.3621
205.089,328154,17333,83.3621
206.089,329802,17339,83.3621
207.089,331429,17350,83.3621
208.09,333059,17357,83.3621
209.09,334713,17364,83.3621
210.091,336333,17368,83.3621
211.091,337973,17392,83.3621
212.091,339600,17400,83.3621
213.091,341231,17411,83.3621
214.092,342848,17414,83.3621
215.092,344488,17427,83.3621
216.093,346126,17446,83.3621
217.093,347738,17453,83.3621
218.094,349390,17463,83.3621
219.094,351032,17464,83.3621
220.094,352664,17461,83.3621
221.095,354297,17474,83.3621
222.095,355961,17489,83.3621
223.095,357589,17503,83.3621
224.096,359218,17507,83.3621
225.096,360844,17517,83.3621
226.096,362473,17537,83.3621
227.096,364101,17557,83.3621
228.097,365745,17558,83.3621
229.097,367376,17580,83.3621
230.098,369006,17596,83.3621
231.099,370632,17595,83.3621
232.099,372244,17609,83.3621
233.099,373856,17636,83.3621
234.1,375454,17645,83.3621
235.1,377076,17646,83.3621
236.1,378678,17652,83.3621
237.101,380289,17658,83.3621
238.101,381893,17663,83.3621
239.101,383494,17658,83.3621
240.101,385090,17672,83.3621
241.102,386712,17686,83.3621
242.102,388339,17680,83.3621
243.103,389965,17680,83.3621
244.104,391606,17697,83.3621
245.104,393208,17714,83.3621
246.104,394821,17725,83.3621
247.104,396440,17739,83.3621
248.104,398065,17742,83.3621
249.105,399675,17750,83.3621
250.105,401291,17759,83.3621
251.105,402912,17766,83.3621
252.106,404516,17778,83.3621
253.106,406138,17782,83.3621
254.107,407770,17792,83.3621
255.107,409407,17794,83.3621
256.108,411027,17807,83.3621
257.108,412667,17816,83.3621
258.109,414304,17812,83.3621
259.109,415915,17816,83.3621
260.11,417534,17826,83.3621
261.11,419178,17849,83.3621
262.111,420807,17857,83.3621
263.111,422421,17852,83.3621
264.111,424049,17844,83.3621
265.111,425657,17845,83.3621
266.112,427288,17847,83.3621
267.112,428922,17846,83.3621
268.113,430536,17833,83.3621
269.113,432160,17838,83.3621
270.114,433754,17841,83.3621
271.115,435374,17855,83.3621
272.115,436996,17866,83.3621
273.115,438615,17875,83.3621
274.115,440236,17882,83.3621
275.116,441860,17896,83.3621
276.116,443471,17893,83.3621
277.116,445100,17894,83.3621
278.117,446709,17911,83.3621
279.117,448324,17906,83.3621
280.118,449916,17910,83.3621
281.118,451523,17904,83.3621
282.118,453144,17918,83.3621
283.118,454767,17933,83.3621
284.119,456402,17941,83.3621
285.119,458008,17955,83.3621
286.119,459610,17944,83.3621
287.12,461216,17947,83.3621
288.12,462838,17952,83.3621
289.121,464435,17965,83.3621
290.121,466024,17989,83.3621
291.121,467649,17998,83.3621
292.122,469265,18009,83.3621
293.123,470886,18011,83.3621
294.123,472468,18002,83.3621
295.123,474081,17986,83.3621
296.124,475714,17994,83.3621
297.125,477336,18006,83.3621
298.125,478979,18009,83.3621
299.125,480584,18011,83.3621
300.001,481985,18017,83.3621
