1.00077,1743,1521,inf
2.00103,3367,2192,156.802
3.0018,5040,3109,156.778
4.00232,6693,3821,152.322
5.00263,8359,4497,151.555
6.00305,10023,5169,151.555
7.0032,11658,5719,151.555
8.00362,13305,6303,151.555
9.00374,14963,6778,151.089
10.0039,16610,7237,151.089
11.004,18259,7659,151.089
12.0044,19919,8095,151.089
13.0053,21558,8451,150.761
14.006,23226,8787,150.761
15.0063,24862,9161,150.761
16.0068,26501,9459,150.761
17.0076,28134,9698,150.429
18.0079,29779,9973,150.429
19.0081,31437,10224,149.044
20.0085,33095,10479,149.044
21.0088,34733,10709,149.044
22.0089,36375,10956,149.044
23.0093,37993,11202,149.044
24.0098,39631,11413,147.321
25.01,41274,11682,147.321
26.0113,42894,10303,115.472
27.0116,44595,10565,115.472
28.0123,46275,10848,115.472
29.0127,47939,11105,115.472
30.0132,49605,11343,115.472
31.0141,51249,10908,109.637
32.015,52907,11065,109.455
33.0153,54586,11256,109.455
34.0155,56259,11446,109.455
35.016,57955,11613,109.455
36.0161,59629,11746,109.455
37.0163,61309,11927,109.455
38.0165,62981,12026,109.035
39.017,64661,12222,109.017
40.0176,66316,12373,109.017
41.0186,68019,12483,109.017
42.0191,69689,12451,107.86
43.0194,71354,12657,107.86
44.0196,73039,12848,107.86
45.0202,74703,13039,107.86
46.0206,76338,13023,106.146
47.0211,77995,12597,100.123
48.0215,79668,12722,100.123
49.0218,81341,12850,100.123
50.022,83030,12994,100.123
51.0224,84702,13140,100.123
52.0231,86355,13154,99.2277
53.0234,88007,13275,99.2277
54.024,89692,13374,99.2277
55.0243,91374,13499,99.2277
56.025,93072,13599,99.2277
57.0256,94761,13711,99.2277
58.0258,96441,13823,99.2277
59.0267,98123,13367,94.7525
60.0269,99821,13482,94.7525
61.0276,101506,13604,94.7525
62.0281,103218,13704,94.7525
63.029,104930,13775,94.7525
64.0293,106606,13870,94.7525
65.0296,108308,13951,94.7525
66.0301,110000,14041,94.7525
67.0305,111690,14117,94.7525
68.031,113386,13983,93.5828
69.0317,115101,13911,92.7406
70.0321,116788,13982,92.7406
71.0328,118509,14046,92.7406
72.0329,120208,14124,92.7406
73.0336,121849,14196,92.7406
74.0339,123538,14275,92.7406
75.0349,125222,14331,92.7406
76.0352,126921,14402,92.7406
77.0357,128628,14445,92.7406
78.0363,130331,14498,92.7406
79.0368,132034,14584,92.7406
80.0372,133745,14662,92.7406
81.0377,135448,14751,92.7406
82.0384,137144,14815,92.7406
83.0391,138858,14877,92.7406
84.0396,140547,14948,92.7406
85.0405,142233,15017,92.7406
86.041,143916,14953,91.7822
87.0414,145618,14984,91.7822
88.0415,147302,15038,91.7822
89.0419,148999,15094,91.7822
90.0421,150690,15152,91.7822
91.0425,152391,15209,91.7822
92.0432,154075,15271,91.7822
93.0439,155750,15330,91.7822
94.0441,157419,15381,91.7822
95.0444,159100,15449,91.7822
96.0446,160789,15477,91.7822
97.045,162457,15514,91.7822
98.0454,164145,15445,91.1861
99.0457,165850,15472,91.1861
100.046,167528,15522,91.1861
101.047,169208,15588,91.1861
102.047,170880,15648,91.1861
103.048,172574,15697,91.1861
104.048,174262,15705,91.1861
105.048,175954,15761,91.1861
106.048,177631,15815,91.1861
107.049,179306,15857,91.1861
108.05,180974,15900,91.1861
109.05,182656,15923,91.1861
110.05,184352,15965,91.1861
111.051,185991,15976,91.1861
112.051,187649,15999,91.1861
113.052,189331,16021,91.1861
114.052,191010,16051,91.1861
115.052,192697,16102,91.1861
116.053,194397,16140,91.1861
117.053,196101,16177,91.1861
118.053,197803,16194,91.1861
119.054,199519,16208,91.1861
120.054,201212,16241,91.1861
121.054,202879,16282,91.1861
122.055,204548,16318,91.1861
123.055,206231,16352,91.1861
124.056,207875,16384,91.1861
125.057,209570,16429,91.1861
126.057,211257,16466,91.1861
127.057,212921,16496,91.1861
128.057,214605,16505,91.1861
129.058,216290,16537,91.1861
130.058,217935,16561,91.1861
131.058,219627,16552,91.1861
132.059,221290,16593,91.1861
133.06,222928,16638,91.1861
134.06,224590,16684,91.1861
135.06,226235,16741,91.1861
136.06,227896,16744,91.1861
137.06,229578,16795,91.1861
138.061,231251,16557,89.6292
139.061,232932,16575,89.6292
140.061,234612,16621,89.6292
141.062,236292,16667,89.6292
142.063,237990,16704,89.6292
143.063,239682,16735,89.6292
144.063,241379,16764,89.6292
145.064,243079,16788,89.6292
146.064,244785,16788,89.6292
147.065,246493,16826,89.6292
148.065,248179,16835,89.6292
149.065,249869,16866,89.6292
150.066,251541,16872,89.6292
151.066,253225,16903,89.6292
152.067,254917,16902,89.6292
153.067,256603,16911,89.6292
154.068,258274,16929,89.6292
155.069,259950,16948,89.6292
156.069,261670,16963,89.6292
157.069,263365,16979,89.6292
158.069,265065,16994,89.6292
159.07,266758,16998,89.6292
160.07,268382,17007,89.6292
161.071,270062,17011,89.6292
162.071,271730,17015,89.6292
163.071,273409,17034,89.6292
164.072,275061,17057,89.6292
165.072,276698,17068,89.6292
166.072,278373,17079,89.6292
167.073,280091,17097,89.6292
168.073,281776,17127,89.6292
169.073,283451,17140,89.6292
170.074,285151,17137,89.6292
171.074,286856,17167,89.6292
172.075,288563,17176,89.6292
173.075,290287,17199,89.6292
174.076,291977,17223,89.6292
175.077,293662,17230,89.6292
176.077,295335,17241,89.6292
177.077,297017,17250,89.6292
178.078,298734,17264,89.6292
179.078,300433,17278,89.6292
180.079,302130,17296,89.6292
181.079,303809,17326,89.6292
182.079,305497,17338,89.6292
183.079,307202,17350,89.6292
184.08,308892,17350,89.6292
185.08,310572,17356,89.6292
186.08,312282,17384,89.6292
187.08,313971,17409,89.6292
188.081,315669,17423,89.6292
189.081,317374,17446,89.6292
190.082,319059,17457,89.6292
191.082,320744,17461,89.6292
192.083,322454,17481,89.6292
193.083,324141,17497,89.6292
194.084,325835,17515,89.6292
195.084,327539,17528,89.6292
196.085,329231,17540,89.6292
197.085,330937,17564,89.6292
198.086,332655,17572,89.6292
199.086,334353,17596,89.6292
200.086,336057,17614,89.6292
201.087,337757,17633,89.6292
202.087,339456,17627,89.6292
203.088,341149,17638,89.6292
204.088,342857,17636,89.6292
205.088,344547,17639,89.6292
206.089,346261,17652,89.6292
207.09,347961,17681,89.6292
208.09,349662,17691,89.6292
209.09,351353,17690,89.6292
210.091,353053,17693,89.6292
211.091,354710,17686,89.6292
212.091,356407,17718,89.6292
213.091,358090,17746,89.6292
214.092,359761,17741,89.6292
215.092,361445,17749,89.6292
216.092,363124,17761,89.6292
217.092,364798,17780,89.6292
218.092,366504,17785,89.6292
219.093,368245,17787,89.6292
220.093,369944,17808,89.6292
221.093,371658,17816,89.6292
222.094,373372,17812,89.6292
223.095,375070,17821,89.6292
224.095,376774,17831,89.6292
225.096,378463,17834,89.6292
226.096,380138,17833,89.6292
227.097,381809,17841,89.6292
228.097,383504,17859,89.6292
229.098,385211,17884,89.6292
230.098,386927,17898,89.6292
231.098,388616,17900,89.6292
232.098,390289,17895,89.6292
233.099,391986,17909,89.6292
234.099,393679,17912,89.6292
235.1,395367,17922,89.6292
236.1,397059,17933,89.6292
237.101,398770,17937,89.6292
238.101,400459,17938,89.6292
239.101,402144,17951,89.6292
240.102,403856,17963,89.6292
241.102,405555,17969,89.6292
242.102,407271,17966,89.6292
243.103,408964,17967,89.6292
244.103,410631,17980,89.6292
245.104,412338,17984,89.6292
246.104,414034,18004,89.6292
247.105,415702,18021,89.6292
248.105,417386,18028,89.6292
249.105,419085,18054,89.6292
250.106,420771,18071,89.6292
251.106,422480,18091,89.6292
252.107,424173,18092,89.6292
253.107,425815,18082,89.6292
254.107,427496,18084,89.6292
255.108,429191,18080,89.6292
256.108,430860,18000,89.1013
257.109,432555,18007,89.1013
258.11,434241,18023,89.1013
259.11,435939,18038,89.1013
260.111,437644,18056,89.1013
261.111,439326,18065,89.1013
262.111,441010,18055,89.1013
263.112,442695,18055,89.1013
264.112,444381,18063,89.1013
265.113,446045,18074,89.1013
266.114,447734,18075,89.1013
267.114,449454,18089,89.1013
268.114,451143,18111,89.1013
269.115,452845,18123,89.1013
270.115,454553,18140,89.1013
271.115,456238,18149,89.1013
272.116,457922,18162,89.1013
273.116,459640,18150,89.1013
274.117,461341,18161,89.1013
275.117,463035,18178,89.1013
276.118,464733,18193,89.1013
277.118,466420,18190,89.1013
278.119,468112,18199,89.1013
279.119,469786,18202,89.1013
280.12,471435,18203,89.1013
281.12,473139,18067,88.3211
282.12,474849,18041,88.0738
283.121,476545,18038,88.0738
284.122,478251,18051,88.0738
285.122,479918,18058,88.0738
286.123,481584,18064,88.0738
287.123,483267,18068,88.0738
288.124,484930,18094,88.0738
289.124,486636,18093,88.0738
290.124,488330,18102,88.0738
291.124,490046,18102,88.0738
292.125,491754,18134,88.0738
293.125,493475,18147,88.0738
294.125,495170,18154,88.0738
295.126,496870,18171,88.0738
296.126,498561,18168,88.0738
297.127,500274,18172,88.0738
298.127,501984,18175,88.0738
299.128,503662,18205,88.0738
300,505157,18216,88.0738
