1.0002,1789,1422,141.002
2.00055,3451,2173,116.408
3.00104,5141,3077,116.408
4.00124,6823,3903,116.408
5.00161,8460,4644,116.408
6.00259,10141,4791,106.505
7.00312,11782,5359,106.505
8.00389,13446,5867,106.505
9.00414,15122,6385,106.505
10.0049,16779,6862,106.505
11.0055,18439,7004,103.007
12.0058,20154,7252,100.98
13.006,21815,7615,100.98
14.0068,23500,7969,100.98
15.0074,25190,8338,100.98
16.0078,26881,8614,100.98
17.0084,28600,8882,100.98
18.0085,30301,9147,100.98
19.0086,31978,9383,100.98
20.0088,33676,9626,100.98
21.0091,35370,9844,100.98
22.0096,37046,10059,100.98
23.0098,38752,10256,100.98
24.0103,40434,10484,100.98
25.0108,42085,10649,100.98
26.0111,43766,10828,100.98
27.0113,45482,11000,100.98
28.0117,47161,11145,100.98
29.012,48858,11302,100.98
30.0122,50559,11470,100.98
31.0126,52230,11537,100.315
32.0129,53930,11698,100.315
33.0131,55642,11832,100.315
34.0136,57342,11983,100.315
35.0145,59039,12138,100.315
36.0149,60757,12259,100.315
37.0156,62445,12369,100.315
38.0157,64129,12504,100.315
39.0162,65794,12664,100.315
40.0167,67489,12774,100.315
41.0168,69184,12898,100.315
42.0174,70854,13015,100.315
43.0177,72545,13100,100.315
44.018,74255,13180,100.315
45.0184,75964,13294,100.315
46.0185,77647,13377,100.315
47.0188,79343,13460,100.315
48.0193,81052,13561,100.315
49.0199,82744,13666,100.315
50.0204,84441,13767,100.315
51.0209,86135,13841,100.315
52.021,87825,13914,100.315
53.0212,89514,14002,100.315
54.0215,91200,14057,100.315
55.0219,92894,14155,100.315
56.0225,94588,14225,100.315
57.023,96280,14100,98.0947
58.0232,97950,14178,98.0947
59.0234,99641,14267,98.0947
60.024,101327,14342,98.0947
61.0247,102997,14401,98.0947
62.0253,104687,14484,98.0947
63.0258,106405,14554,98.0947
64.0259,108097,14616,98.0947
65.0262,109785,14674,98.0947
66.0264,111494,14700,98.0947
67.0267,113188,14737,98.0947
68.0268,114880,14818,98.0947
69.0271,116571,14841,98.0947
70.0273,118260,14903,98.0947
71.0277,119972,14970,98.0947
72.0284,121669,15006,98.0947
73.0287,123348,15053,98.0947
74.029,125058,15092,98.0947
75.0295,126769,15130,98.0947
76.03,128487,15179,98.0947
77.0304,130171,15224,97.6376
78.0309,131865,15268,97.6376
79.0311,133558,15302,97.6376
80.0317,135264,15339,97.6376
81.0319,136964,15372,97.6376
82.0322,138671,15404,97.6376
83.0324,140360,15455,97.6376
84.0327,142045,15476,97.6376
85.0328,143726,15544,97.6376
86.0334,145410,15582,97.6376
87.0342,147095,15604,97.6376
88.0348,148801,15659,97.6376
89.035,150484,15730,97.6376
90.0355,152151,15772,97.6376
91.0357,153824,15811,97.6376
92.036,155507,15829,97.6376
93.0364,157208,15854,97.6376
94.0368,158878,15875,97.6376
95.037,160540,15905,97.6376
96.0371,162249,15926,97.6376
97.0377,163917,15964,97.6376
98.038,165589,15983,97.6376
99.0385,167279,16029,97.6376
100.039,168978,16077,97.6376
101.039,170691,16091,97.6376
102.039,172397,16109,97.6376
103.04,174092,16160,97.6376
104.04,175769,16186,97.6376
105.041,177478,16203,97.6376
106.041,179167,16261,97.6376
107.041,180849,16273,97.6376
108.042,182525,16299,97.6376
109.042,184219,16326,97.6376
110.043,185906,16381,97.6376
111.043,187593,16397,97.6376
112.043,189257,16445,97.4938
113.043,190929,16458,97.4938
114.044,192585,16491,97.4938
115.044,194270,16505,97.4938
116.044,195961,16522,97.4938
117.045,197638,16540,97.4938
118.046,199312,16571,97.4938
119.046,201003,16591,97.4938
120.047,202712,16468,95.9171
121.047,204397,16472,95.9171
122.048,206101,16501,95.9171
123.049,207793,16525,95.9171
124.049,209479,16561,95.9171
125.05,211159,16557,95.9171
126.05,212842,16553,95.9171
127.05,214561,16588,95.9171
128.051,216265,16600,95.9171
129.051,217959,16615,95.9171
130.052,219663,16638,95.9171
131.052,221357,16651,95.9171
132.052,223044,16673,95.9171
133.053,224722,16682,95.9032
134.053,226396,16712,95.9032
135.053,228075,16749,95.9032
136.053,229746,16765,95.9032
137.054,231433,16783,95.9032
138.054,233129,16813,95.9032
139.054,234818,16810,95.9032
140.055,236496,16825,95.9032
141.055,238179,16859,95.9032
142.055,239840,16874,95.9032
143.056,241531,16910,95.9032
144.056,243207,16936,95.9032
145.057,244884,16950,95.9032
146.057,246559,16954,95.9032
147.057,248263,16983,95.9032
148.058,249940,17013,95.9032
149.058,251655,17041,95.9032
150.059,253338,17058,95.9032
151.059,255028,17054,95.9032
152.06,256711,17052,95.9032
153.06,258411,17076,95.9032
154.061,260083,17045,95.9032
155.061,261788,17053,95.9032
156.062,263471,17073,95.9032
157.062,265140,17072,95.9032
158.062,266831,17084,95.9032
159.063,268529,17092,95.9032
160.064,270228,17092,95.9032
161.064,271912,17113,95.9032
162.064,273603,17147,95.9032
163.065,275278,17148,95.9032
164.065,276977,17156,95.9032
165.066,278666,17181,95.9032
166.066,280335,17188,95.9032
167.067,282023,17193,95.9032
168.067,283713,17213,95.9032
169.067,285401,17255,95.9032
170.068,287086,17284,95.9032
171.068,288783,17310,95.9032
172.069,290478,17333,95.9032
173.069,292188,17316,95.9032
174.069,293869,17337,95.9032
175.069,295547,17364,95.9032
176.07,297220,17382,95.9032
177.07,298925,17405,95.9032
178.07,300593,17418,95.9032
179.071,302261,17437,95.9032
180.072,303969,17445,95.9032
181.072,305644,17468,95.9032
182.072,307334,17469,95.9032
183.072,309022,17482,95.9032
184.073,310703,17472,95.9032
185.073,312366,17481,95.9032
186.073,314045,17502,95.9032
187.074,315725,17504,95.9032
188.074,317410,17508,95.9032
189.075,319101,17515,95.9032
190.075,320804,17541,95.9032
191.076,322513,17557,95.9032
192.076,324212,17575,95.9032
193.076,325913,17588,95.9032
194.076,327610,17614,95.9032
195.077,329306,17631,95.9032
196.077,330989,17656,95.9032
197.078,332688,17658,95.9032
198.078,334390,17656,95.9032
199.078,336093,17648,95.9032
200.079,337804,17656,95.9032
201.079,339520,17688,95.9032
202.079,341225,17693,95.9032
203.079,342947,17709,95.9032
204.08,344651,17719,95.9032
205.08,346329,17729,95.9032
206.081,348038,17714,95.9032
207.081,349742,17715,95.9032
208.082,351453,17724,95.9032
209.082,353145,17726,95.9032
210.082,354843,17746,95.9032
211.082,356511,17743,95.9032
212.083,358203,17744,95.9032
213.084,359898,17749,95.9032
214.084,361587,17747,95.9032
215.084,363262,17764,95.9032
216.085,364955,17780,95.9032
217.085,366657,17793,95.9032
218.085,368354,17794,95.9032
219.086,370016,17807,95.9032
220.086,371697,17800,95.9032
221.087,373401,17807,95.9032
222.087,375090,17829,95.9032
223.087,376779,17839,95.9032
224.088,378477,17837,95.9032
225.089,380181,17834,95.9032
226.089,381880,17854,95.9032
227.09,383590,17869,95.9032
228.09,385273,17885,95.9032
229.091,386968,17906,95.9032
230.091,388678,17907,95.9032
231.091,390384,17919,95.9032
232.092,392074,17929,95.9032
233.092,393743,17942,95.9032
234.092,395393,17928,95.9032
235.093,397071,17940,95.9032
236.093,398779,17959,95.9032
237.093,400453,17965,95.9032
238.094,402126,17971,95.9032
239.094,403817,17976,95.9032
240.095,405520,17990,95.9032
241.096,407205,17985,95.9032
242.096,408869,17980,95.9032
243.096,410554,17996,95.9032
244.097,412270,18011,95.9032
245.097,413969,18014,95.9032
246.097,415682,18027,95.9032
247.098,417370,18020,95.9032
248.098,419094,18011,95.9032
249.099,420805,18019,95.9032
250.099,422510,18036,95.9032
251.1,424214,18056,95.9032
252.1,425923,18068,95.9032
253.101,427623,18090,95.9032
254.101,429337,18100,95.9032
255.102,431017,18120,95.9032
256.102,432697,18122,95.9032
257.102,434408,18115,95.9032
258.103,436109,18128,95.9032
259.103,437788,18144,95.9032
260.103,439477,18148,95.9032
261.104,441163,18174,95.9032
262.104,442824,18169,95.9032
263.104,444523,18181,95.9032
264.104,446235,18194,95.9032
265.105,447903,18206,95.9032
266.105,449457,18211,95.9032
267.106,451172,18207,95.9032
268.106,452874,18211,95.9032
269.107,454583,18213,95.9032
270.107,456285,18200,95.9032
271.107,457966,18200,95.9032
272.107,459658,18211,95.9032
273.108,461325,18210,95.9032
274.108,463025,18225,95.9032
275.108,464697,18233,95.9032
276.109,466390,18237,95.9032
277.109,468085,18248,95.9032
278.11,469777,18250,95.9032
279.11,471498,18259,95.9032
280.111,473186,18266,95.9032
281.112,474895,18272,95.9032
282.112,476600,18274,95.9032
283.113,478303,18277,95.9032
284.113,480009,18281,95.9032
285.113,481711,18291,95.9032
286.114,483427,18295,95.9032
287.114,485117,18301,95.9032
288.115,486791,18312,95.9032
289.115,488478,18318,95.9032
290.116,490197,18306,95.9032
291.116,491884,18306,95.9032
292.116,493581,18311,95.9032
293.117,495274,18336,95.9032
294.117,496980,18338,95.9032
295.117,498664,18347,95.9032
296.118,500372,18362,95.9032
297.118,502062,18371,95.9032
298.118,503703,18385,95.9032
299.119,505375,18388,95.9032
300.001,506880,18396,95.9032
