1.00028,1800,1407,165.698
2.00084,3467,2451,165.698
3.00129,5122,3301,163.158
4.00172,6776,4078,163.158
5.00212,8443,4776,163.158
6.0028,10091,5412,163.158
7.00304,11741,5983,163.158
8.00333,13403,6525,163.158
9.00343,15073,7026,163.158
10.0037,16731,7416,161.765
11.004,18373,7844,161.765
12.0042,20040,8230,161.765
13.0046,21685,8549,161.765
14.0049,23309,8876,161.765
15.0056,24942,9207,161.765
16.0059,26576,9496,161.765
17.0065,28185,9790,161.765
18.0069,29810,10036,161.765
19.0072,31391,10290,161.765
20.0076,33005,10546,161.765
21.0081,34625,10811,161.765
22.0085,36281,11027,161.765
23.0092,37905,11268,161.765
24.0092,39561,11499,161.765
25.0096,41213,11767,161.765
26.0101,42841,10708,136.712
27.0107,44490,10702,132.546
28.0111,46141,10630,127.312
29.0119,47802,10953,127.312
30.0128,49460,10919,122.163
31.0133,51102,11001,119.219
32.0135,52762,11288,119.219
33.0138,54396,11559,119.219
34.014,56029,11802,119.219
35.0147,57643,12038,119.219
36.015,59267,11672,115.825
37.0152,60905,11803,115.598
38.0153,62555,12031,115.598
39.0169,64224,11576,107.757
40.0171,65900,11806,107.757
41.0174,67564,11965,107.346
42.0179,69263,12138,107.346
43.0183,70934,12344,107.346
44.0186,72571,12253,104.68
45.0187,74237,12396,104.68
46.0189,75906,12562,104.68
47.0194,77595,12742,104.68
48.0196,79266,12625,101.687
49.0197,80941,12773,101.687
50.0205,82579,12793,99.9518
51.0212,84213,12999,99.9518
52.0216,85885,13178,99.9518
53.022,87569,12757,95.689
54.0227,89271,12876,95.689
55.0235,90993,13006,95.689
56.024,92695,13136,95.689
57.0245,94391,13241,95.689
58.0246,96080,13335,95.689
59.0251,97773,13412,95.689
60.0255,99459,13528,95.689
61.0259,101175,13616,95.689
62.026,102873,13727,95.689
63.0267,104593,13808,95.689
64.0268,106290,13911,95.689
65.0273,107989,13629,93.1509
66.0275,109698,13727,93.1509
67.0276,111397,13810,93.1509
68.0281,113082,13887,93.1509
69.0284,114775,13954,93.1509
70.0285,116474,14048,93.1509
71.0291,118165,14120,92.9357
72.0299,119881,14212,92.9357
73.0305,121583,14294,92.9357
74.0307,123274,14385,92.9357
75.0309,124947,14442,92.9357
76.0314,126657,14520,92.9357
77.0317,128344,14542,92.6409
78.0322,130043,14617,92.6409
79.0328,131723,14673,92.6409
80.0329,133424,14752,92.6409
81.0336,135151,14833,92.6409
82.0337,136842,14891,92.6409
83.0345,138530,14944,92.6409
84.0348,140229,14988,92.6409
85.0354,141923,15051,92.6409
86.0358,143598,15120,92.6409
87.0362,145286,15177,92.6409
88.0366,147004,15267,92.6409
89.037,148695,15329,92.6409
90.0372,150409,15345,92.6229
91.0378,152085,15419,92.6229
92.0385,153762,15480,92.6229
93.039,155461,15523,92.6229
94.0392,157161,15581,92.6229
95.0396,158850,15646,92.6229
96.0403,160563,15682,92.6229
97.0406,162239,15735,92.6229
98.041,163931,15773,92.6229
99.0416,165661,15811,92.6229
100.042,167366,15845,92.6229
101.042,169045,15864,92.6229
102.042,170751,15916,92.6229
103.043,172457,15942,92.6229
104.043,174148,15971,92.6229
105.044,175868,16011,92.6229
106.044,177596,16053,92.6229
107.044,179316,16068,92.6229
108.045,181019,16096,92.6229
109.045,182732,16135,92.6229
110.045,184425,16174,92.6229
111.045,186136,16194,92.6229
112.046,187855,16216,92.6229
113.046,189559,16262,92.6229
114.047,191259,16278,92.6229
115.047,192977,16310,92.6229
116.048,194690,16333,92.6229
117.048,196385,16370,92.6229
118.049,198080,16408,92.6229
119.049,199774,16447,92.6229
120.05,201473,16454,92.6229
121.051,203182,16482,92.6229
122.051,204890,16526,92.6229
123.051,206596,16558,92.6229
124.052,208301,16567,92.6229
125.052,210002,16597,92.6229
126.052,211724,16633,92.6229
127.053,213418,16672,92.6229
128.053,215111,16673,92.6229
129.053,216797,16688,92.6229
130.054,218494,16724,92.6229
131.054,220204,16748,92.6229
132.055,221904,16778,92.6229
133.055,223586,16771,92.4708
134.056,225262,16788,92.4708
135.056,226948,16805,92.4708
136.056,228613,16829,92.4708
137.057,230308,16832,92.4708
138.057,232021,16852,92.4708
139.057,233711,16867,92.4708
140.058,235407,16885,92.4708
141.058,237116,16891,92.4708
142.059,238821,16910,92.4708
143.059,240516,16939,92.4708
144.06,242191,16948,92.4708
145.06,243863,16982,92.4708
146.06,245571,17011,92.4708
147.061,247259,17029,92.4708
148.061,248982,17041,92.4708
149.062,250668,17069,92.4708
150.062,252371,17109,92.4708
151.062,254056,17126,92.4708
152.063,255734,17143,92.4708
153.063,257425,17183,92.4708
154.063,259112,17215,92.4708
155.064,260784,17217,92.4708
156.064,262457,17197,92.4708
157.064,264156,17220,92.4708
158.065,265863,17243,92.4708
159.065,267574,17252,92.4708
160.066,269297,17261,92.4708
161.066,270992,17283,92.4708
162.066,272689,17170,91.6665
163.066,274388,17199,91.6665
164.067,276099,17234,91.6665
165.068,277808,17234,91.6665
166.068,279505,17252,91.6665
167.068,281192,17256,91.6665
168.069,282892,17258,91.6665
169.069,284571,17257,91.6665
170.07,286254,17271,91.6665
171.07,287945,17281,91.6665
172.071,289634,17311,91.6665
173.071,291344,17330,91.6665
174.071,293026,17334,91.6665
175.072,294721,17346,91.6665
176.072,296418,17362,91.6665
177.072,298111,17366,91.6665
178.073,299800,17389,91.6665
179.073,301520,17396,91.6665
180.074,303217,17405,91.6665
181.074,304902,17407,91.6665
182.075,306590,17429,91.6665
183.075,308304,17448,91.6665
184.076,310023,17459,91.6665
185.076,311708,17474,91.6665
186.076,313428,17488,91.6665
187.077,315121,17483,91.6665
188.077,316834,17476,91.6665
189.077,318552,17494,91.6665
190.077,320252,17505,91.6665
191.077,321938,17525,91.6665
192.078,323660,17540,91.6665
193.079,325332,17569,91.6665
194.079,327032,17571,91.6665
195.079,328729,17576,91.6665
196.08,330436,17593,91.6665
197.081,332159,17608,91.6665
198.081,333885,17605,91.6665
199.082,335598,17620,91.6665
200.082,337304,17635,91.6665
201.082,339002,17642,91.6665
202.083,340705,17657,91.6665
203.083,342403,17653,91.5238
204.084,344141,17652,91.5238
205.084,345863,17657,91.5238
206.085,347593,17654,91.5238
207.086,349318,17655,91.5238
208.086,351032,17663,91.5238
209.087,352731,17657,91.5238
210.087,354447,17671,91.5238
211.088,356159,17688,91.5238
212.088,357858,17680,91.5238
213.089,359551,17681,91.5238
214.089,361241,17681,91.5238
215.089,362887,17689,91.5238
216.09,364577,17692,91.5238
217.09,366271,17699,91.5238
218.091,368000,17703,91.5238
219.091,369715,17700,91.5238
220.092,371390,17715,91.5238
221.092,373088,17711,91.5238
222.092,374783,17725,91.5238
223.093,376490,17739,91.5238
224.093,378198,17748,91.5238
225.094,379892,17747,91.5238
226.094,381567,17762,91.5238
227.094,383250,17788,91.5238
228.095,384952,17796,91.5238
229.096,386641,17797,91.5238
230.096,388353,17825,91.5238
231.097,390082,17831,91.5238
232.097,391774,17660,90.3212
233.097,393483,17667,90.3212
234.097,395157,17663,90.3212
235.098,396859,17659,90.3212
236.098,398577,17675,90.3212
237.098,400292,17673,90.3212
238.099,402008,17676,90.3212
239.099,403706,17678,90.3212
240.099,405395,17696,90.3212
241.1,407098,17713,90.3212
242.1,408814,17721,90.3212
243.101,410518,17730,90.3212
244.101,412236,17732,90.3212
245.102,413950,17746,90.3212
246.102,415665,17767,90.3212
247.103,417376,17780,90.3212
248.103,419078,17790,90.3212
249.103,420781,17811,90.3212
250.103,422503,17816,90.3212
251.104,424206,17826,90.3212
252.104,425915,17845,90.3212
253.104,427601,17859,90.3212
254.105,429315,17861,90.3212
255.106,431045,17885,90.3212
256.106,432743,17898,90.3212
257.106,434456,17912,90.3212
258.106,436168,17931,90.3212
259.107,437873,17943,90.3212
260.107,439560,17954,90.3212
261.107,441277,17973,90.3212
262.108,442992,17983,90.3212
263.108,444702,17971,90.3212
264.109,446401,17977,90.3212
265.109,448111,17994,90.3212
266.11,449800,17991,90.3212
267.11,451507,18007,90.3212
268.11,453213,18019,90.3212
269.111,454909,18025,90.3212
270.111,456623,18046,90.3212
271.111,458332,18058,90.3212
272.111,460015,18071,90.3212
273.112,461721,18093,90.3212
274.112,463447,18106,90.3212
275.113,465131,18110,90.3212
276.113,466846,18118,90.3212
277.113,468552,18136,90.3212
278.114,470239,18146,90.3212
279.115,471952,18153,90.3212
280.115,473651,18152,90.3212
281.116,475360,18157,90.3212
282.116,477049,18152,90.3212
283.116,478722,18165,90.3212
284.117,480388,18171,90.3212
285.117,482104,18173,90.3212
286.118,483791,18169,90.3212
287.118,485497,18166,90.3212
288.119,487201,18172,90.3212
289.12,488915,18176,90.3212
290.12,490602,18171,90.3212
291.12,492311,18186,90.3212
292.121,494025,18186,90.3212
293.121,495706,18198,90.3212
294.122,497413,18204,90.3212
295.122,499083,18208,90.3212
296.122,500780,18221,90.3212
297.122,502498,18242,90.3212
298.123,504216,18254,90.3212
299.123,505921,18260,90.3212
300,507365,18265,90.3212
